-0.157193	2.690991071
-0.156945	2.691741071
-0.15664	2.6924375
-0.156334	2.692401786
-0.15599	2.692616071
-0.155761	2.698410714
-0.155341	2.697678571
-0.154902	2.697303571
-0.154654	2.697866071
-0.154615	2.698142857
-0.154119	2.698098214
-0.153756	2.697642857
-0.153699	2.698044643
-0.153279	2.691857143
-0.152821	2.692741071
-0.152515	2.693892857
-0.152324	2.695107143
-0.151961	2.695625
-0.151579	2.695883929
-0.151369	2.696071429
-0.15114	2.695633929
-0.150644	2.706732143
-0.150357	2.706375
-0.150033	2.705857143
-0.149746	2.705830357
-0.149326	2.705830357
-0.149135	2.705580357
-0.148773	2.705473214
-0.148582	2.705098214
-0.148295	2.699160714
-0.14799	2.700276786
-0.147665	2.700482143
-0.147264	2.7004375
-0.147054	2.702
-0.146844	2.702928571
-0.146348	2.702053571
-0.146099	2.701955357
-0.14587	2.707303571
-0.145603	2.707678571
-0.145316	2.707892857
-0.144782	2.708080357
-0.144495	2.707633929
-0.144304	2.707607143
-0.144056	2.707714286
-0.143522	2.707883929
-0.143331	2.702133929
-0.143063	2.702241071
-0.14272	2.701544643
-0.142471	2.702
-0.142051	2.702428571
-0.141708	2.703098214
-0.141555	2.703366071
-0.141154	2.704348214
-0.140676	2.708017857
-0.140543	2.707946429
-0.140314	2.708276786
-0.13997	2.7085
-0.13976	2.709678571
-0.139225	2.710303571
-0.138862	2.709241071
-0.138614	2.7090625
-0.138442	2.702821429
-0.138118	2.7043125
-0.137812	2.704392857
-0.137335	2.704883929
-0.137144	2.705660714
-0.136858	2.705767857
-0.136648	2.706741071
-0.136285	2.706696429
-0.135884	2.713875
-0.135616	2.713375
-0.135464	2.713223214
-0.134891	2.713285714
-0.134509	2.713267857
-0.134433	2.713892857
-0.134089	2.714017857
-0.133764	2.714848214
-0.133287	2.707955357
-0.133115	2.708339286
-0.13281	2.708973214
-0.132638	2.710107143
-0.132332	2.710071429
-0.131874	2.710491071
-0.131626	2.7106875
-0.131282	2.710857143
-0.131034	2.722214286
-0.130595	2.721285714
-0.130346	2.721401786
-0.130194	2.721241071
-0.129812	2.721178571
-0.129411	2.7216875
-0.129067	2.721205357
-0.128742	2.720392857
-0.128513	2.714598214
-0.128208	2.7158125
-0.127845	2.715089286
-0.127444	2.715285714
-0.127348	2.716160714
-0.127062	2.716258929
-0.126661	2.716616071
-0.12647	2.716732143
-0.125955	2.7224375
-0.125687	2.723098214
-0.125363	2.722767857
-0.125134	2.721357143
-0.124752	2.721669643
-0.124446	2.7223125
-0.124217	2.722071429
-0.123969	2.722526786
-0.123682	2.715696429
-0.123205	2.716383929
-0.122976	2.716669643
-0.122747	2.716857143
-0.12246	2.717285714
-0.122136	2.718142857
-0.121811	2.718053571
-0.12141	2.718044643
-0.1212	2.721098214
-0.120799	2.720803571
-0.120665	2.7205
-0.120303	2.721107143
-0.119959	2.721571429
-0.119672	2.721901786
-0.119214	2.722267857
-0.119081	2.722241071
-0.118699	2.715776786
-0.11847	2.716535714
-0.118259	2.717151786
-0.117763	2.717803571
-0.117458	2.717973214
-0.117152	2.717714286
-0.117076	2.718241071
-0.116446	2.718107143
-0.116178	2.723866071
-0.115854	2.7230625
-0.115663	2.723526786
-0.115376	2.723848214
-0.115033	2.723705357
-0.114727	2.723401786
-0.11425	2.723383929
-0.11404	2.722955357
-0.113734	2.716071429
-0.113352	2.716910714
-0.11318	2.717107143
-0.11276	2.717392857
-0.112474	2.717383929
-0.112359	2.7185
-0.111996	2.717580357
-0.111691	2.717517857
-0.11129	2.728830357
-0.110984	2.72775
-0.110583	2.726830357
-0.11045	2.726214286
-0.110125	2.725598214
-0.109724	2.725294643
-0.109342	2.725017857
-0.109113	2.724553571
-0.108903	2.718419643
-0.108521	2.718401786
-0.108349	2.718232143
-0.10791	2.718651786
-0.107567	2.719383929
-0.107357	2.719607143
-0.107051	2.719196429
-0.106803	2.718357143
-0.106192	2.723982143
-0.106001	2.723580357
-0.105791	2.72375
-0.105523	2.723258929
-0.105142	2.721678571
-0.104798	2.722026786
-0.104454	2.721178571
-0.104187	2.7205625
-0.103996	2.713464286
-0.103709	2.714589286
-0.103442	2.714580357
-0.102965	2.714964286
-0.102736	2.7136875
-0.102296	2.714616071
-0.102277	2.714419643
-0.101781	2.713883929
-0.101494	2.717303571
-0.101093	2.7166875
-0.100769	2.715401786
-0.100521	2.715357143
-0.100234	2.715196429
-0.100005	2.716133929
-0.099585	2.715410714
-0.0992604	2.714785714
-0.0989167	2.7075625
-0.0988021	2.707839286
-0.0984394	2.708598214
-0.0981147	2.707714286
-0.0977329	2.707633929
-0.0974273	2.708294643
-0.0971409	2.708071429
-0.0968163	2.708303571
-0.0964726	2.713258929
-0.0961862	2.712258929
-0.0958807	2.711473214
-0.0956325	2.711607143
-0.0952697	2.711375
-0.0950214	2.710285714
-0.0947923	2.710303571
-0.0942386	2.710383929
-0.093933	2.703705357
-0.0938949	2.702964286
-0.0934366	2.702633929
-0.0932647	2.702696429
-0.093112	2.702883929
-0.0925582	2.702848214
-0.0922336	2.702258929
-0.0919281	2.701732143
-0.0915271	2.713580357
-0.0914698	2.711732143
-0.0909543	2.711116071
-0.0905724	2.709678571
-0.0902478	2.709919643
-0.0900187	2.7088125
-0.0897322	2.708473214
-0.0895222	2.706964286
-0.0891594	2.7005625
-0.0887393	2.7006875
-0.0885102	2.700482143
-0.088262	2.700107143
-0.0879374	2.700464286
-0.0877082	2.699339286
-0.0872309	2.698785714
-0.086849	2.698410714
-0.0866389	2.704169643
-0.0863334	2.703410714
-0.0860088	2.701946429
-0.0857033	2.701946429
-0.0854169	2.701383929
-0.0852259	2.701178571
-0.0848249	2.699732143
-0.0845003	2.698875
-0.084233	2.691607143
-0.0838129	2.6913125
-0.0833929	2.6916875
-0.0832019	2.692178571
-0.0829155	2.691883929
-0.0826673	2.691366071
-0.0824572	2.689830357
-0.0821326	2.689616071
-0.0817507	2.695723214
-0.0813879	2.6946875
-0.0811015	2.692982143
-0.0808151	2.691598214
-0.0804523	2.690839286
-0.0802232	2.689982143
-0.0799367	2.689580357
-0.0795167	2.6891875
-0.0791539	2.681785714
-0.0788675	2.681142857
-0.0786574	2.680080357
-0.0783519	2.679053571
-0.0780464	2.679616071
-0.0776836	2.679446429
-0.0775117	2.678839286
-0.0772253	2.678848214
-0.0767098	2.683044643
-0.076347	2.681642857
-0.0762324	2.680321429
-0.0756977	2.678785714
-0.0756596	2.679446429
-0.0751822	2.679142857
-0.0750104	2.678107143
-0.0746666	2.677125
-0.0744184	2.670723214
-0.0740174	2.670232143
-0.0737883	2.669741071
-0.0734446	2.669035714
-0.0731582	2.669107143
-0.0728336	2.668169643
-0.0726044	2.666705357
-0.0721271	2.666991071
-0.0718216	2.677901786
-0.071516	2.675705357
-0.0713251	2.675410714
-0.0708096	2.674508929
-0.0707141	2.6735625
-0.0701794	2.67175
-0.0699121	2.669598214
-0.0698357	2.668883929
-0.0696066	2.662142857
-0.0691483	2.661455357
-0.0687855	2.662053571
-0.0683464	2.662017857
-0.0681936	2.662107143
-0.0678499	2.661071429
-0.0677162	2.659116071
-0.0673534	2.657508929
-0.0668761	2.663285714
-0.0664369	2.661357143
-0.0662841	2.659848214
-0.0659595	2.660455357
-0.0658259	2.659116071
-0.0654631	2.658044643
-0.0651194	2.656839286
-0.0646993	2.656205357
-0.0646038	2.648544643
-0.0642601	2.648026786
-0.0639737	2.64675
-0.06342	2.646526786
-0.063229	2.646035714
-0.0629999	2.646383929
-0.0626562	2.645160714
-0.0622934	2.644473214
-0.062007	2.646910714
-0.0616633	2.645285714
-0.0613196	2.644517857
-0.0611286	2.643857143
-0.0608422	2.643232143
-0.0605176	2.641928571
-0.0601166	2.640375
-0.0598684	2.639178571
-0.0596011	2.630491071
-0.0594101	2.6301875
-0.0590473	2.6296875
-0.058589	2.629616071
-0.0584363	2.629455357
-0.057978	2.628678571
-0.0578253	2.627857143
-0.0574052	2.6275
-0.0571188	2.632714286
-0.0568133	2.631508929
-0.0565459	2.629883929
-0.0561449	2.628571429
-0.0559349	2.627526786
-0.0556103	2.627107143
-0.055343	2.625875
-0.0550375	2.623241071
-0.0546174	2.615982143
-0.054331	2.615258929
-0.0540827	2.615633929
-0.0539109	2.614928571
-0.0534335	2.613821429
-0.0530325	2.613571429
-0.0527461	2.612839286
-0.0525552	2.611678571
-0.052116	2.622232143
-0.0517341	2.620098214
-0.0516768	2.618089286
-0.0511995	2.617848214
-0.0507794	2.616758929
-0.0506648	2.615321429
-0.0503784	2.6135625
-0.0499965	2.612258929
-0.0497292	2.605401786
-0.0493855	2.604821429
-0.0490227	2.603875
-0.0487935	2.604642857
-0.0486026	2.603696429
-0.0481634	2.602616071
-0.0478197	2.601044643
-0.0476097	2.599839286
-0.0473424	2.604392857
-0.0469796	2.60325
-0.0465213	2.601383929
-0.0461203	2.600366071
-0.0461394	2.598901786
-0.0456811	2.599026786
-0.0453565	2.597392857
-0.0449364	2.595642857
-0.0447455	2.587491071
-0.04465	2.587723214
-0.0441727	2.586535714
-0.0439626	2.585660714
-0.0435234	2.585026786
-0.0432752	2.584330357
-0.0429506	2.582910714
-0.042626	2.582205357
-0.0423969	2.583991071
-0.0419195	2.582883929
-0.0416713	2.581160714
-0.0414803	2.579955357
-0.0411366	2.578982143
-0.0406784	2.577669643
-0.0404492	2.577053571
-0.0401246	2.575741071
-0.0399146	2.568044643
-0.0393799	2.567633929
-0.0392654	2.567044643
-0.038998	2.566321429
-0.0387689	2.565767857
-0.0383488	2.565196429
-0.037986	2.563767857
-0.0376996	2.562303571
-0.0376041	2.567910714
-0.0370504	2.565375
-0.0366876	2.564625
-0.0364203	2.563258929
-0.0362484	2.561508929
-0.0357329	2.560419643
-0.0355419	2.558651786
-0.0353319	2.558008929
-0.03495	2.550508929
-0.0347209	2.550196429
-0.0343963	2.549553571
-0.0339953	2.548196429
-0.0336707	2.547133929
-0.0334797	2.546830357
-0.0330596	2.545339286
-0.0328687	2.544214286
-0.0326205	2.555232143
-0.0322386	2.551625
-0.0317421	2.550607143
-0.0314748	2.548910714
-0.0311502	2.547
-0.0309211	2.545142857
-0.0305392	2.543571429
-0.0302527	2.542982143
-0.0300809	2.535258929
-0.0296417	2.534473214
-0.0293171	2.533151786
-0.029088	2.531875
-0.0288397	2.531160714
-0.028496	2.529116071
-0.0281332	2.527008929
-0.0277895	2.525633929
-0.0275986	2.531196429
-0.027274	2.530339286
-0.0269876	2.528642857
-0.0265675	2.525383929
-0.0263002	2.524375
-0.0262429	2.522258929
-0.025651	2.520767857
-0.0253454	2.519580357
-0.0251163	2.511901786
-0.0248108	2.5109375
-0.0245817	2.510107143
-0.0241998	2.509589286
-0.0237415	2.508955357
-0.0235506	2.507142857
-0.0232832	2.506669643
-0.0229013	2.504732143
-0.0226149	2.506339286
-0.0224049	2.504044643
-0.0220803	2.503026786
-0.0217748	2.501678571
-0.0213547	2.501357143
-0.0210683	2.499303571
-0.0207437	2.496794643
-0.0205145	2.494517857
-0.020209	2.486125
-0.0199608	2.485651786
-0.0196744	2.485232143
-0.0192352	2.484223214
-0.0189679	2.482642857
-0.0188151	2.481544643
-0.0184332	2.480580357
-0.017994	2.480517857
-0.0176313	2.484482143
-0.0174212	2.4816875
-0.0170966	2.480151786
-0.0168293	2.478267857
-0.0163901	2.4764375
-0.0162946	2.474580357
-0.0158364	2.4720625
-0.0154163	2.470866071
-0.0153017	2.462125
-0.0150726	2.461169643
-0.0146716	2.458973214
-0.0143279	2.458107143
-0.0140224	2.456875
-0.0137551	2.455848214
-0.0133923	2.454446429
-0.0132586	2.4524375
-0.0127049	2.462696429
-0.0124566	2.459705357
-0.0120747	2.456508929
-0.0117692	2.45475
-0.011731	2.452473214
-0.0112537	2.450223214
-0.0109673	2.449232143
-0.0106617	2.446821429
-0.0105663	2.4376875
-0.0101462	2.436633929
-0.00969	2.435116071
-0.00933	2.432625
-0.00912	2.431473214
-0.00883	2.429919643
-0.00862	2.428428571
-0.0081	2.426160714
-0.00782	2.430160714
-0.00753	2.427205357
-0.00721	2.424544643
-0.00698	2.422651786
-0.00675	2.419678571
-0.00617	2.417839286
-0.00587	2.415723214
-0.00556	2.413803571
-0.00547	2.4053125
-0.00499	2.4035625
-0.00476	2.402214286
-0.00463	2.400375
-0.00411	2.397964286
-0.00394	2.396473214
-0.00346	2.393803571
-0.00314	2.392392857
-0.00287	2.407955357
-0.00258	2.4036875
-0.00216	2.400633929
-0.0019	2.397526786
-0.00167	2.394535714
-0.00138	2.391830357
-0.00123	2.389633929
-6.75E-4	2.387285714
-4.27E-4	2.377776786
-1.41E-4	2.376196429
2.22E-4	2.374348214
5.47E-4	2.372053571
7.95E-4	2.370428571
0.00112	2.368410714
0.00152	2.365642857
0.00171	2.363142857
0.00188	2.3670625
0.0024	2.363232143
0.00253	2.360633929
0.00314	2.358383929
0.00339	2.355321429
0.00362	2.352982143
0.00375	2.349553571
0.00417	2.346821429
0.00446	2.337919643
0.00475	2.336526786
0.005	2.334142857
0.00538	2.332133929
0.00582	2.3290625
0.0061	2.326571429
0.00637	2.324169643
0.00664	2.321982143
0.00691	2.331098214
0.0074	2.326223214
0.00788	2.322955357
0.00796	2.3203125
0.00818	2.317151786
0.00849	2.314428571
0.00885	2.311285714
0.00925	2.308776786
0.0095	2.298464286
0.00981	2.296464286
0.0102277	2.293821429
0.0103232	2.291767857
0.0107051	2.289276786
0.010896	2.286267857
0.0112397	2.283848214
0.0118507	2.2810625
0.0119462	2.283714286
0.0121753	2.280303571
0.0123854	2.276714286
0.0128245	2.274008929
0.0131301	2.271008929
0.0134738	2.267910714
0.0137793	2.26425
0.0139511	2.261303571
0.0144285	2.251125
0.0147913	2.248410714
0.0149631	2.245767857
0.0152686	2.243339286
0.0156505	2.240107143
0.0159942	2.238017857
0.0161661	2.235089286
0.0163952	2.232419643
0.0167962	2.231383929
0.0172736	2.227035714
0.0175218	2.22425
0.0178464	2.221901786
0.0180565	2.218535714
0.0183238	2.215008929
0.0186675	2.211866071
0.0191448	2.208848214
0.0193167	2.198616071
0.0194504	2.195875
0.0196986	2.192491071
0.0201187	2.189741071
0.0204624	2.187116071
0.0207297	2.184276786
0.0209779	2.181446429
0.0214553	2.178196429
0.0218563	2.180642857
0.0221045	2.175330357
0.0222572	2.171875
0.0226773	2.168910714
0.0229828	2.165026786
0.0233265	2.161473214
0.0235557	2.157508929
0.0239376	2.154392857
0.0241476	2.14375
0.0245295	2.140866071
0.0247777	2.136946429
0.0251978	2.1341875
0.0254078	2.129848214
0.0256943	2.127026786
0.0259807	2.12325
0.0263244	2.119723214
0.0267254	2.127071429
0.0270309	2.1231875
0.0273937	2.118544643
0.027852	2.113857143
0.027871	2.10975
0.0282147	2.10575
0.0285012	2.101053571
0.0289403	2.096785714
0.029074	2.085919643
0.0293986	2.083071429
0.0297232	2.079392857
0.0301051	2.075723214
0.0304297	2.072375
0.030697	2.068178571
0.031098	2.064125
0.0313463	2.059669643
0.03169	2.061633929
0.0319382	2.056910714
0.0322819	2.051901786
0.0325301	2.048008929
0.0328356	2.043401786
0.0332366	2.039723214
0.0334848	2.034955357
0.0338094	2.031464286
0.0340386	2.019517857
0.0343632	2.017616071
0.0347069	2.014526786
0.0349933	2.011098214
0.0352606	2.006303571
0.0356998	2.003160714
0.0361581	1.9988125
0.0363299	1.995071429
0.0365782	1.993696429
0.0368073	1.989785714
0.0372465	1.985419643
0.0374183	1.981830357
0.037762	1.977339286
0.0381248	1.973044643
0.0384112	1.969553571
0.0385831	1.966
0.0388886	1.954875
0.039175	1.951714286
0.0398051	1.94875
0.0399388	1.944901786
0.0401297	1.9413125
0.0405116	1.937285714
0.0408171	1.933508929
0.0411799	1.929830357
0.0414091	1.932258929
0.0418483	1.927892857
0.0420583	1.922928571
0.0423447	1.919544643
0.0426884	1.915276786
0.0429748	1.911267857
0.0432803	1.906776786
0.0437004	1.903830357
0.0438723	1.893857143
0.0441778	1.891267857
0.0445788	1.887571429
0.0449225	1.884321429
0.0449607	1.881428571
0.0453426	1.878107143
0.0456863	1.8744375
0.0460491	1.870392857
0.0464691	1.877241071
0.0467937	1.872455357
0.0470038	1.86775
0.0472329	1.864089286
0.0476721	1.860089286
0.0479967	1.855928571
0.0481685	1.851705357
0.0484741	1.847526786
0.0487796	1.837241071
0.049066	1.834508929
0.0494861	1.831696429
0.0496006	1.8288125
0.0500207	1.825455357
0.0504026	1.821776786
0.0507845	1.818160714
0.05109	1.816785714
0.0513	1.819508929
0.0515674	1.813330357
0.0519111	1.8086875
0.0521975	1.804517857
0.0526176	1.801419643
0.0527894	1.797821429
0.0530186	1.794321429
0.0534577	1.790883929
0.0536678	1.780910714
0.0541069	1.7791875
0.0544316	1.776446429
0.0545652	1.7740625
0.054928	1.771446429
0.0553672	1.767883929
0.0556154	1.764410714
0.0559973	1.761214286
0.0562455	1.760776786
0.0565701	1.757446429
0.0570475	1.754544643
0.0572194	1.750758929
0.0573912	1.748303571
0.0578495	1.743892857
0.0580786	1.740839286
0.0583268	1.738008929
0.0585751	1.728785714
0.0591097	1.726767857
0.0593007	1.724517857
0.0596062	1.721785714
0.0598735	1.719446429
0.0602936	1.716392857
0.0606946	1.713357143
0.06079	1.711
0.0612674	1.714098214
0.0616302	1.710464286
0.061783	1.706776786
0.0621648	1.703375
0.0622794	1.7001875
0.0624513	1.696982143
0.0629477	1.694196429
0.0631769	1.691241071
0.0635015	1.681901786
0.0639597	1.680080357
0.0641316	1.6774375
0.0643607	1.675526786
0.0647808	1.672303571
0.0651245	1.670535714
0.0655446	1.667080357
0.0658692	1.664428571
0.0660029	1.673089286
0.0664802	1.668544643
0.0667475	1.665473214
0.067034	1.662196429
0.0672822	1.658794643
0.0674922	1.6555625
0.0680269	1.652205357
0.0681796	1.650339286
0.0686952	1.640901786
0.0688288	1.639214286
0.0691725	1.636964286
0.0694399	1.634080357
0.0699363	1.631571429
0.0702227	1.629366071
0.0705283	1.626678571
0.0707574	1.624482143
0.0709865	1.627330357
0.0711584	1.623991071
0.0716166	1.620428571
0.0720176	1.618571429
0.0722659	1.615544643
0.0726287	1.613741071
0.0729151	1.610401786
0.073106	1.607482143
0.0735261	1.599178571
0.0738507	1.596901786
0.0740416	1.593955357
0.0743281	1.592285714
0.07471	1.59075
0.07513	1.588776786
0.0754547	1.586410714
0.0755119	1.584303571
0.0759129	1.587991071
0.0762757	1.584330357
0.0766003	1.581696429
0.0768295	1.579214286
0.0772304	1.576642857
0.0775741	1.574866071
0.0778415	1.572
0.078147	1.569241071
0.0784907	1.561089286
0.0787771	1.559758929
0.0789871	1.557089286
0.0793881	1.555928571
0.0797127	1.554589286
0.0798655	1.5521875
0.0803238	1.549589286
0.0805147	1.547678571
0.0808393	1.551508929
0.0812212	1.547866071
0.0815076	1.545205357
0.0817558	1.542866071
0.0821759	1.540973214
0.0824623	1.539142857
0.0825769	1.536053571
0.0829588	1.5334375
0.0833407	1.525982143
0.0835507	1.525044643
0.0839326	1.522901786
0.0842572	1.5210625
0.0845627	1.519616071
0.0848492	1.517892857
0.0850592	1.515955357
0.0855175	1.514044643
0.0858612	1.522169643
0.0860903	1.518214286
0.0865677	1.515258929
0.0866631	1.5133125
0.0871596	1.510910714
0.087446	1.508258929
0.0875606	1.505321429
0.0879998	1.5031875
0.0882862	1.495178571
0.0886872	1.493830357
0.0889354	1.492714286
0.0889927	1.4910625
0.0895655	1.489214286
0.0899283	1.487589286
0.0901002	1.4854375
0.0903675	1.483964286
0.0906921	1.48725
0.0910931	1.484330357
0.0913413	1.481705357
0.0916086	1.479419643
0.0920096	1.477580357
0.0922578	1.475303571
0.092697	1.473339286
0.0929262	1.471267857
0.0931553	1.463491071
0.093289	1.463285714
0.0937472	1.462107143
0.0942055	1.460294643
0.0943582	1.459267857
0.0948929	1.457866071
0.0951602	1.455544643
0.0953512	1.454303571
0.0955421	1.455107143
0.0961149	1.452973214
0.0962677	1.451446429
0.0965732	1.449642857
0.0969169	1.447517857
0.0972224	1.446017857
0.0974898	1.443866071
0.0978144	1.443089286
0.0980626	1.434348214
0.0984063	1.433723214
0.098559	1.433
0.0990364	1.431544643
0.099361	1.429991071
0.0996665	1.429169643
0.0999148	1.427714286
0.100373	1.426142857
0.100449	1.429705357
0.100812	1.427598214
0.101347	1.425258929
0.101595	1.423803571
0.101824	1.4220625
0.101996	1.420026786
0.102416	1.418303571
0.102703	1.416553571
0.10297	1.408866071
0.103294	1.408803571
0.103734	1.407375
0.103829	1.4060625
0.104345	1.405214286
0.104631	1.404035714
0.104841	1.402571429
0.10507	1.4005625
0.105509	1.409642857
0.105777	1.4069375
0.106044	1.4045
0.106426	1.401892857
0.106808	1.400723214
0.10698	1.398294643
0.107266	1.396776786
0.107553	1.394723214
0.108049	1.38725
0.108297	1.387169643
0.108603	1.386544643
0.108946	1.384857143
0.109195	1.3841875
0.109519	1.383071429
0.109882	1.380901786
0.110016	1.380410714
0.110493	1.383892857
0.110684	1.38175
0.111066	1.379767857
0.111295	1.378571429
0.111753	1.376625
0.111963	1.375321429
0.112326	1.373616071
0.112784	1.372133929
0.113033	1.364473214
0.113109	1.365035714
0.113357	1.363696429
0.113739	1.362901786
0.11414	1.3620625
0.114465	1.361205357
0.114732	1.359964286
0.115095	1.358758929
0.1154	1.359875
0.115706	1.358535714
0.115935	1.3573125
0.116164	1.355723214
0.11668	1.354026786
0.116947	1.353214286
0.117214	1.3523125
0.117444	1.350875
0.117749	1.343303571
0.118131	1.343767857
0.118436	1.342883929
0.118704	1.342642857
0.118971	1.341910714
0.119143	1.340723214
0.119754	1.339098214
0.119849	1.338357143
0.120231	1.342821429
0.120518	1.3405625
0.120957	1.338776786
0.121224	1.337883929
0.121415	1.336607143
0.121778	1.335223214
0.122198	1.332758929
0.122351	1.331928571
0.122675	1.325214286
0.123191	1.325446429
0.12342	1.3244375
0.123611	1.324017857
0.124012	1.323125
0.124146	1.322464286
0.124604	1.3218125
0.124948	1.320517857
0.125081	1.329526786
0.125444	1.326178571
0.125826	1.323883929
0.126151	1.321669643
0.126399	1.3205
0.126743	1.318446429
0.127048	1.317758929
0.127335	1.316428571
0.127583	1.308964286
0.127926	1.309955357
0.128156	1.309017857
0.128499	1.308455357
0.128824	1.307651786
0.129282	1.307580357
0.129588	1.3063125
0.129645	1.305080357
0.130237	1.309553571
0.130466	1.307330357
0.130714	1.305464286
0.130943	1.304803571
0.131459	1.304026786
0.131669	1.302303571
0.131955	1.301589286
0.132242	1.299866071
0.132662	1.293410714
0.132872	1.2940625
0.133139	1.293616071
0.133502	1.292607143
0.133788	1.292901786
0.134075	1.292366071
0.134438	1.290946429
0.134705	1.2905
0.135068	1.293125
0.135201	1.291401786
0.135488	1.288982143
0.13608	1.288794643
0.136328	1.287732143
0.136443	1.2871875
0.137015	1.285830357
0.137245	1.285196429
0.137416	1.278508929
0.137722	1.279125
0.138008	1.278428571
0.138371	1.278794643
0.138791	1.278142857
0.138925	1.276946429
0.139345	1.277258929
0.139574	1.277089286
0.139956	1.281419643
0.140338	1.279714286
0.140548	1.277883929
0.140987	1.276776786
0.141025	1.276357143
0.141369	1.275017857
0.141789	1.274169643
0.142133	1.273803571
0.142534	1.266794643
0.142667	1.267383929
0.142935	1.267196429
0.14324	1.266616071
0.143756	1.266607143
0.14387	1.265910714
0.144195	1.265482143
0.144501	1.265
0.145016	1.274553571
0.145131	1.271214286
0.145455	1.269696429
0.145894	1.268642857
0.146009	1.267178571
0.146486	1.266348214
0.146868	1.265294643
0.147174	1.263901786
0.147307	1.257428571
0.147689	1.258
0.148186	1.256678571
0.148205	1.256848214
0.148529	1.256633929
0.148911	1.256544643
0.149255	1.25575
0.149599	1.25525
0.149809	1.259580357
0.150076	1.258169643
0.150439	1.257178571
0.150783	1.256607143
0.150993	1.255651786
0.151413	1.254928571
0.15168	1.253276786
0.151947	1.253151786
0.152291	1.246553571
0.152711	1.2475
0.152921	1.247089286
0.153093	1.246991071
0.153551	1.24675
0.153819	1.246767857
0.154181	1.246125
0.154411	1.245651786
0.154735	1.252544643
0.155174	1.250116071
0.155365	1.249321429
0.155594	1.247446429
0.155976	1.247026786
0.156282	1.247142857
0.156492	1.245901786
0.156893	1.245241071
0.157313	1.237776786
0.157542	1.23975
0.157848	1.239526786
0.158153	1.239705357
0.158497	1.239401786
0.158611	1.239232143
0.159051	1.238178571
0.159356	1.238107143
0.159604	1.242696429
0.159948	1.241392857
0.160406	1.240633929
0.160635	1.239910714
0.160941	1.238973214
0.161055	1.237633929
0.161628	1.237625
0.1618	1.237741071
0.162125	1.231803571
0.162354	1.232044643
0.162717	1.232526786
0.163118	1.231973214
0.163347	1.232848214
0.163519	1.23175
0.164053	1.231901786
0.16434	1.231741071
0.164645	1.240946429
0.164874	1.237625
0.165505	1.236589286
0.165428	1.235116071
0.165829	1.2350625
0.166287	1.2340625
0.166517	1.233392857
0.166746	1.232982143
0.167204	1.225919643
0.16749	1.227223214
0.167548	1.227705357
0.16793	1.227535714
0.168426	1.227232143
0.168521	1.226848214
0.168942	1.226919643
0.169343	1.226857143
0.16961	1.231151786
0.169763	1.229455357
0.170164	1.228901786
0.170507	1.228232143
0.170813	1.227464286
0.171176	1.226642857
0.171252	1.226071429
0.171787	1.225830357
0.172054	1.220160714
0.172188	1.2210625
0.172646	1.221383929
0.173085	1.222089286
0.173314	1.2220625
0.173582	1.221928571
0.173734	1.2223125
0.173983	1.221910714
0.174517	1.2248125
0.175033	1.2244375
0.175224	1.223098214
0.175357	1.2229375
0.175701	1.222723214
0.176064	1.221455357
0.176369	1.221607143
0.176618	1.221508929
0.176885	1.215392857
0.177229	1.216830357
0.177649	1.217642857
0.177782	1.217803571
0.17805	1.217464286
0.178183	1.217
0.17868	1.218366071
0.178985	1.218357143
0.179424	1.223116071
0.179768	1.221321429
0.179978	1.220669643
0.180379	1.220098214
0.18078	1.219964286
0.181009	1.219928571
0.181162	1.219017857
0.181601	1.218946429
0.181773	1.212973214
0.18204	1.2146875
0.18248	1.215241071
0.182766	1.215794643
0.183033	1.2151875
0.183358	1.214482143
0.183816	1.215383929
0.183835	1.215285714
0.184389	1.225330357
0.184695	1.222776786
0.185153	1.221839286
0.185248	1.220491071
0.185707	1.219821429
0.185821	1.219330357
0.186088	1.219223214
0.186432	1.218732143
0.186738	1.212223214
0.187043	1.214294643
0.187368	1.214616071
0.187711	1.215071429
0.187941	1.214848214
0.188303	1.214339286
0.188704	1.2146875
0.188934	1.214705357
0.189296	1.219616071
0.189659	1.218910714
0.189812	1.218348214
0.190136	1.218116071
0.190423	1.21775
0.190671	1.217794643
0.19111	1.217276786
0.191282	1.216776786
0.19153	1.211571429
0.192161	1.213241071
0.192256	1.213116071
0.192752	1.213875
0.192982	1.213883929
0.193192	1.214258929
0.193688	1.214303571
0.193726	1.214428571
0.194185	1.217035714
0.194547	1.216732143
0.194891	1.216151786
0.195063	1.215767857
0.195311	1.216330357
0.195769	1.216660714
0.195979	1.216446429
0.196342	1.216321429
0.196724	1.210642857
0.196877	1.212392857
0.197278	1.212723214
0.197411	1.2133125
0.197946	1.213892857
0.198194	1.214446429
0.198462	1.2145
0.198672	1.215607143
0.199149	1.2199375
0.199455	1.219089286
0.199607	1.218321429
0.199913	1.218651786
0.200333	1.217714286
0.200677	1.217669643
0.200963	1.2179375
0.201173	1.218633929
0.201555	1.213098214
0.202013	1.214875
0.202262	1.2153125
0.202357	1.215732143
0.202701	1.2163125
0.20314	1.2166875
0.203445	1.216366071
0.203579	1.2168125
0.204018	1.227026786
0.204515	1.224294643
0.204706	1.223625
0.204916	1.223008929
0.20524	1.222375
0.205737	1.223035714
0.205909	1.222625
0.206061	1.2215625
0.20652	1.216598214
0.206882	1.218875
0.207035	1.219517857
0.207455	1.220339286
0.207684	1.220678571
0.207971	1.221116071
0.208124	1.221008929
0.208696	1.221526786
0.208983	1.226383929
0.209193	1.225303571
0.209708	1.225089286
0.209938	1.224723214
0.210128	1.224866071
0.210453	1.224964286
0.210701	1.224758929
0.211121	1.224919643
0.21137	1.219526786
0.211484	1.221919643
0.212076	1.222535714
0.212363	1.223660714
0.21263	1.223928571
0.212897	1.225116071
0.213336	1.225017857
0.213661	1.224875
0.213852	1.228267857
0.2141	1.228598214
0.214558	1.228410714
0.214902	1.228196429
0.215074	1.228375
0.215456	1.229044643
0.215876	1.2290625
0.21601	1.229607143
0.216315	1.224160714
0.216468	1.226616071
0.21685	1.227464286
0.217308	1.227803571
0.217614	1.22875
0.217766	1.228982143
0.218225	1.230008929
0.218454	1.230401786
0.218721	1.236080357
0.219141	1.235071429
0.219351	1.234473214
0.21979	1.234982143
0.220115	1.235285714
0.220382	1.235357143
0.220745	1.235116071
0.221012	1.235991071
0.221146	1.230160714
0.221662	1.232571429
0.222043	1.233267857
0.222139	1.234964286
0.222464	1.235125
0.222712	1.236071429
0.223208	1.236071429
0.223246	1.236892857
0.223686	1.246401786
0.224106	1.244857143
0.224488	1.244017857
0.224602	1.2435
0.22485	1.244017857
0.225366	1.2439375
0.225691	1.243696429
0.225977	1.244375
0.226111	1.239008929
0.226569	1.241116071
0.226913	1.242294643
0.227046	1.243026786
0.227237	1.243
0.227791	1.243964286
0.22802	1.244410714
0.228268	1.244982143
0.228688	1.250705357
0.228956	1.250151786
0.229108	1.250133929
0.229624	1.250678571
0.229987	1.251321429
0.230159	1.250973214
0.230541	1.251553571
0.230789	1.251991071
0.231037	1.246508929
0.231495	1.249366071
0.231839	1.249794643
0.231934	1.250883929
0.232278	1.252142857
0.232679	1.252696429
0.232832	1.253142857
0.233252	1.254169643
0.233615	1.260366071
0.234016	1.258892857
0.234283	1.259330357
0.234417	1.259357143
0.234856	1.259705357
0.235104	1.260428571
0.235371	1.260875
0.235639	1.2618125
0.23604	1.256964286
0.236422	1.259098214
0.236593	1.26025
0.236975	1.260946429
0.237243	1.262008929
0.237606	1.262696429
0.237892	1.263776786
0.238159	1.265383929
0.238446	1.270660714
0.238904	1.269642857
0.239076	1.269741071
0.239419	1.269669643
0.239859	1.269571429
0.240107	1.270821429
0.24026	1.270991071
0.240775	1.272267857
0.240871	1.267223214
0.241253	1.269607143
0.241501	1.270625
0.24194	1.272080357
0.242169	1.272821429
0.242417	1.273794643
0.242761	1.274625
0.243219	1.275964286
0.243448	1.285491071
0.243658	1.283723214
0.244136	1.282401786
0.244403	1.282482143
0.244613	1.283071429
0.245014	1.283741071
0.245377	1.28425
0.24553	1.285107143
0.245835	1.279776786
0.246179	1.282678571
0.24658	1.283446429
0.246847	1.284392857
0.247115	1.285446429
0.247382	1.286598214
0.247936	1.2870625
0.248127	1.288803571
0.248298	1.294321429
0.24868	1.2938125
0.249062	1.293794643
0.249291	1.293946429
0.24954	1.294848214
0.250055	1.295508929
0.250132	1.295848214
0.250533	1.296866071
0.250876	1.292196429
0.251124	1.294991071
0.251354	1.295848214
0.251755	1.296982143
0.251926	1.298258929
0.25227	1.299303571
0.252652	1.30025
0.252862	1.301758929
0.253397	1.305241071
0.253626	1.305544643
0.25374	1.306053571
0.254218	1.306258929
0.2546	1.307910714
0.254714	1.308580357
0.255268	1.309223214
0.255383	1.310410714
0.255726	1.305732143
0.256089	1.307982143
0.256299	1.309294643
0.256624	1.311339286
0.257158	1.3121875
0.257254	1.313080357
0.257617	1.314616071
0.257941	1.315339286
0.258113	1.321223214
0.258514	1.321339286
0.25882	1.321580357
0.259087	1.321901786
0.259392	1.323008929
0.259736	1.323883929
0.260061	1.324848214
0.260194	1.3254375
0.260767	1.320928571
0.261035	1.3233125
0.261168	1.324830357
0.261722	1.326410714
0.261836	1.3274375
0.26218	1.328803571
0.262486	1.330714286
0.262963	1.331125
0.263116	1.341383929
0.263421	1.33975
0.26388	1.34
0.264051	1.339919643
0.2643	1.340276786
0.264624	1.3405625
0.265102	1.341714286
0.265331	1.342625
0.26556	1.338026786
0.266018	1.340839286
0.266247	1.342321429
0.266553	1.343526786
0.266686	1.344446429
0.26724	1.346267857
0.267431	1.347178571
0.267718	1.348401786
0.268119	1.354232143
0.268443	1.354392857
0.268806	1.3543125
0.268959	1.355633929
0.26936	1.356705357
0.269532	1.357446429
0.269933	1.358080357
0.270219	1.359133929
0.270505	1.3541875
0.270773	1.356892857
0.271155	1.359178571
0.271479	1.3605
0.271766	1.3621875
0.27209	1.363160714
0.272281	1.3649375
0.272778	1.3653125
0.273102	1.369410714
0.273198	1.369705357
0.273503	1.370517857
0.274	1.371883929
0.274229	1.372589286
0.274611	1.374089286
0.274821	1.375294643
0.275107	1.376098214
0.275432	1.371848214
0.275699	1.374839286
0.276062	1.375821429
0.276272	1.377160714
0.276654	1.379366071
0.276959	1.380964286
0.277265	1.381758929
0.277551	1.383714286
0.277857	1.390267857
0.278258	1.389419643
0.278525	1.390223214
0.278754	1.391125
0.279174	1.392482143
0.279365	1.393482143
0.279728	1.394571429
0.279938	1.395839286
0.280396	1.391526786
0.28074	1.394482143
0.280912	1.396294643
0.281466	1.397892857
0.281638	1.399625
0.281809	1.401044643
0.282134	1.402339286
0.28263	1.4036875
0.28286	1.414196429
0.283031	1.412446429
0.28349	1.4129375
0.283891	1.413866071
0.284024	1.414973214
0.284406	1.415633929
0.284769	1.416419643
0.285036	1.417946429
0.285227	1.413026786
0.285724	1.416919643
0.285934	1.418205357
0.286201	1.420464286
0.286583	1.421321429
0.286869	1.422517857
0.287118	1.4245
0.287576	1.4263125
0.287881	1.432526786
0.288168	1.432169643
0.288321	1.432866071
0.288683	1.433910714
0.288932	1.434375
0.289466	1.435544643
0.289695	1.436732143
0.290116	1.437830357
0.290249	1.432946429
0.290402	1.436517857
0.290898	1.438669643
0.291204	1.440910714
0.291395	1.44275
0.291662	1.444366071
0.291968	1.4453125
0.292388	1.447419643
0.292693	1.451089286
0.29298	1.4510625
0.293247	1.453223214
0.293629	1.454160714
0.293801	1.455678571
0.294297	1.456428571
0.294584	1.458089286
0.294851	1.459125
0.295004	1.455071429
0.295367	1.458026786
0.29571	1.460482143
0.296035	1.462267857
0.296226	1.464446429
0.296646	1.465946429
0.297047	1.467705357
0.297219	1.469098214
0.297639	1.475401786
0.297944	1.475821429
0.29825	1.476946429
0.298498	1.478285714
0.298804	1.478607143
0.299243	1.481089286
0.299453	1.4818125
0.299644	1.483133929
0.300045	1.479
0.300388	1.482482143
0.300675	1.485133929
0.300828	1.485875
0.301229	1.488366071
0.301668	1.489901786
0.301859	1.491366071
0.302107	1.493901786
0.302584	1.504821429
0.302852	1.502803571
0.303195	1.504205357
0.303386	1.504241071
0.303768	1.505991071
0.304226	1.506589286
0.304456	1.508151786
0.304685	1.509392857
0.305028	1.504785714
0.305448	1.508473214
0.305888	1.510803571
0.305888	1.512508929
0.306193	1.5146875
0.306575	1.5165
0.307033	1.518285714
0.307262	1.519357143
0.307358	1.525544643
0.307759	1.526642857
0.30816	1.527598214
0.308236	1.528794643
0.308752	1.529875
0.309096	1.532151786
0.30942	1.532625
0.309554	1.535142857
0.309974	1.530151786
0.310298	1.533857143
0.310547	1.535607143
0.310814	1.537785714
0.311062	1.539946429
0.311368	1.542125
0.311731	1.543116071
0.312055	1.545446429
0.312513	1.554785714
0.312704	1.554232143
0.312991	1.5544375
0.313354	1.555535714
0.313774	1.557678571
0.313888	1.559160714
0.314308	1.560205357
0.314633	1.561526786
0.314919	1.557026786
0.315244	1.560616071
0.315358	1.5633125
0.315931	1.565133929
0.316122	1.567071429
0.316581	1.569017857
0.316714	1.5705
0.31723	1.571955357
0.317383	1.578214286
0.31765	1.578455357
0.317879	1.580017857
0.318356	1.581455357
0.318605	1.583589286
0.318948	1.585160714
0.31912	1.585339286
0.319464	1.587625
0.319865	1.583776786
0.320094	1.587410714
0.320304	1.589598214
0.320781	1.5915625
0.321144	1.593330357
0.321278	1.5956875
0.321602	1.5979375
0.322061	1.5998125
0.32229	1.611089286
0.322614	1.609901786
0.322882	1.610616071
0.323149	1.612160714
0.323569	1.6134375
0.32397	1.614017857
0.324123	1.6161875
0.324371	1.618428571
0.324753	1.61325
0.325059	1.617125
0.325269	1.619366071
0.325746	1.621651786
0.326128	1.622714286
0.326204	1.626419643
0.32651	1.626723214
0.326815	1.629169643
0.32735	1.635669643
0.32756	1.636455357
0.327808	1.637544643
0.328018	1.638946429
0.3284	1.640973214
0.328897	1.642696429
0.329202	1.643357143
0.329412	1.644910714
0.329603	1.641401786
0.329947	1.644946429
0.33031	1.648008929
0.330539	1.650901786
0.330921	1.653107143
0.331131	1.654803571
0.331627	1.656758929
0.331646	1.658580357
0.332009	1.663044643
0.332353	1.664910714
0.332696	1.666419643
0.333155	1.66825
0.333326	1.6698125
0.33367	1.672241071
0.333995	1.674026786
0.334358	1.676142857
0.334453	1.671482143
0.334969	1.675142857
0.335293	1.677982143
0.335637	1.680589286
0.33579	1.682982143
0.336038	1.684794643
0.336477	1.687660714
0.336878	1.689526786
0.337164	1.695973214
0.33726	1.697178571
0.337661	1.69825
0.338157	1.699169643
0.338253	1.701946429
0.33852	1.70325
0.338921	1.705142857
0.339322	1.707330357
0.339647	1.7028125
0.339761	1.706910714
0.340181	1.709678571
0.340334	1.712
0.340792	1.713821429
0.341174	1.71625
0.341384	1.717991071
0.341575	1.720794643
0.342053	1.7328125
0.342358	1.731642857
0.342606	1.732848214
0.34295	1.7341875
0.34337	1.735714286
0.343733	1.737642857
0.343771	1.738973214
0.344039	1.740857143
0.344459	1.737160714
0.344821	1.741383929
0.345108	1.743589286
0.345337	1.7458125
0.345662	1.7480625
0.346101	1.750910714
0.346215	1.752285714
0.346693	1.754419643
0.346884	1.761758929
0.347285	1.762696429
0.347533	1.764419643
0.3478	1.766482143
0.348373	1.768303571
0.348507	1.770116071
0.34864	1.772116071
0.349156	1.773642857
0.349423	1.769625
0.34971	1.773705357
0.349901	1.776330357
0.350321	1.779116071
0.350741	1.781678571
0.350855	1.783821429
0.35118	1.785669643
0.351428	1.7880625
0.35181	1.792607143
0.352135	1.794705357
0.352516	1.796053571
0.352669	1.798553571
0.353108	1.801053571
0.353376	1.803339286
0.35349	1.805723214
0.353987	1.808178571
0.354254	1.803839286
0.354731	1.807321429
0.354941	1.810348214
0.355381	1.8129375
0.3554	1.814919643
0.355763	1.817794643
0.356221	1.820455357
0.356584	1.823142857
0.356755	1.830383929
0.357099	1.831901786
0.357233	1.832821429
0.357767	1.834776786
0.358016	1.836553571
0.358111	1.839160714
0.358569	1.841642857
0.358856	1.843553571
0.359257	1.839732143
0.359505	1.843848214
0.359868	1.846875
0.360059	1.849803571
0.360288	1.852571429
0.360727	1.854821429
0.361109	1.856633929
0.361319	1.858955357
0.361701	1.871535714
0.36193	1.871276786
0.362388	1.872714286
0.362713	1.873910714
0.362961	1.876125
0.363343	1.878142857
0.363572	1.879875
0.363668	1.882919643
0.364011	1.878473214
0.364584	1.882383929
0.364737	1.8851875
0.3651	1.887973214
0.36531	1.8905
0.365711	1.892883929
0.365921	1.895294643
0.366265	1.897419643
0.366589	1.906205357
0.366933	1.906901786
0.367143	1.908642857
0.367372	1.910241071
0.36804	1.9126875
0.368212	1.915723214
0.368441	1.9171875
0.368823	1.920125
0.369071	1.915598214
0.369415	1.921401786
0.369587	1.923758929
0.370007	1.926419643
0.370313	1.9296875
0.370465	1.932678571
0.370885	1.934526786
0.371229	1.937160714
0.371477	1.942517857
0.371687	1.944830357
0.372127	1.946633929
0.372489	1.948535714
0.372833	1.951508929
0.373139	1.953767857
0.373387	1.95625
0.373559	1.958455357
0.373979	1.9553125
0.374361	1.959285714
0.374437	1.96275
0.374819	1.965517857
0.375163	1.967767857
0.375659	1.971803571
0.375755	1.974116071
0.376079	1.976214286
0.376404	1.984571429
0.376767	1.985401786
0.377053	1.988258929
0.377282	1.990303571
0.377721	1.9934375
0.378065	1.995723214
0.378237	1.998946429
0.378466	2.000616071
0.37881	1.997223214
0.379306	2.001714286
0.379573	2.005169643
0.379783	2.008223214
0.380127	2.010919643
0.380471	2.014267857
0.380815	2.017017857
0.380929	2.019589286
0.381407	2.03375
0.381655	2.033241071
0.382094	2.0345
0.382399	2.036973214
0.382648	2.038517857
0.383049	2.041428571
0.383354	2.043705357
0.383698	2.045767857
0.383793	2.042928571
0.383984	2.047205357
0.384385	2.050482143
0.384653	2.053205357
0.38513	2.056473214
0.38534	2.058991071
0.385626	2.062732143
0.385913	2.065357143
0.386428	2.073151786
0.386848	2.075026786
0.386925	2.077776786
0.387116	2.0800625
0.387536	2.082553571
0.387975	2.084955357
0.388223	2.087928571
0.388472	2.090616071
0.388796	2.086848214
0.389006	2.091553571
0.389331	2.095241071
0.389846	2.0989375
0.389846	2.101535714
0.390324	2.104589286
0.390496	2.107223214
0.390954	2.110517857
0.391278	2.119267857
0.391603	2.120910714
0.391889	2.123241071
0.392157	2.126098214
0.392558	2.129
0.392901	2.131544643
0.393245	2.1344375
0.393474	2.136875
0.393703	2.134767857
0.39399	2.13925
0.394391	2.142607143
0.39462	2.146633929
0.395097	2.1495
0.395288	2.152830357
0.395517	2.156142857
0.395727	2.159375
0.396262	2.167732143
0.396453	2.169776786
0.396797	2.172455357
0.397121	2.175428571
0.397484	2.177883929
0.39779	2.180732143
0.397981	2.184044643
0.398382	2.18675
0.398611	2.184205357
0.398954	2.188616071
0.399317	2.192571429
0.399451	2.195375
0.399126	2.068035714
0.398897	1.979339286
0.398611	1.905625
0.398382	1.846714286
0.398076	1.786669643
0.397732	1.734455357
0.397408	1.6859375
0.397121	1.642303571
0.396816	1.600580357
0.396568	1.5623125
0.39609	1.52675
0.395747	1.487964286
0.395498	1.4575
0.395135	1.4278125
0.394811	1.399535714
0.394563	1.373580357
0.394181	1.3481875
0.394066	1.3231875
0.393627	1.299133929
0.39336	1.282848214
0.392978	1.259142857
0.392749	1.236732143
0.392539	1.215705357
0.392214	1.196026786
0.391794	1.176491071
0.391508	1.1575
0.391355	1.139642857
0.390954	1.115767857
0.39082	1.100946429
0.390305	1.084830357
0.38998	1.069535714
0.389732	1.054482143
0.38935	1.039526786
0.38914	1.024517857
0.388853	1.010767857
0.388491	1.002464286
0.388223	0.986973214
0.387803	0.973651786
0.387498	0.959125
0.387345	0.945973214
0.386944	0.933517857
0.386619	0.921348214
0.386199	0.908767857
0.385989	0.891225
0.385684	0.882164286
0.385378	0.870928571
0.385054	0.860217857
0.384786	0.849491071
0.384443	0.839513393
0.384118	0.828973214
0.383832	0.817825
0.383774	0.813975893
0.383354	0.802592857
0.382991	0.791803571
0.382609	0.782405357
0.382361	0.771746429
0.381884	0.76229375
0.381941	0.752961607
0.381597	0.74403125
0.380967	0.724394643
0.380719	0.719197321
0.380242	0.711428571
0.380089	0.703852679
0.379841	0.695308036
0.379573	0.687842857
0.379192	0.680070536
0.378771	0.672379464
0.378619	0.670769643
0.378141	0.66133125
0.377893	0.653397321
0.377683	0.645353571
0.377358	0.637216071
0.376958	0.630051786
0.37669	0.621995536
0.376404	0.61463125
0.37606	0.602308036
0.375831	0.596316071
0.375564	0.590326786
0.375182	0.583789286
0.3748	0.576866071
0.374609	0.569683929
0.374303	0.56413125
0.373998	0.557858929
0.373635	0.557142857
0.373368	0.548836607
0.373024	0.541525893
0.372661	0.535204464
0.372566	0.528560714
0.372184	0.522252679
0.371917	0.516022321
0.371554	0.509805357
0.37121	0.501211607
0.370943	0.496040179
0.37079	0.490588393
0.370332	0.484819643
0.369969	0.479424107
0.369663	0.473352679
0.369568	0.468339286
0.369052	0.462785714
0.368747	0.4627625
0.368441	0.455904464
0.368269	0.449846429
0.367868	0.444278571
0.367506	0.4383125
0.367277	0.432810714
0.366952	0.427034821
0.366627	0.421053571
0.366322	0.41086875
0.366055	0.407723214
0.36489	0.3954375
0.364699	0.39024375
0.364451	0.384722321
0.364145	0.379744643
0.363763	0.381017857
0.363572	0.374641071
0.363458	0.370110714
0.362961	0.364272321
0.362579	0.359300893
0.362312	0.354840179
0.361987	0.350161607
0.361739	0.344948214
0.361376	0.331491071
0.36088	0.328983929
0.360632	0.32581875
0.360383	0.32230625
0.360097	0.319019643
0.359982	0.314433036
0.359505	0.311101786
0.359238	0.307260714
0.358799	0.308652679
0.358703	0.302574107
0.358302	0.297627679
0.357882	0.293776786
0.357634	0.289030357
0.357328	0.285234821
0.357004	0.281429464
0.356622	0.2767125
0.356278	0.267579464
0.356068	0.265897321
0.355572	0.262496429
0.355476	0.258973214
0.355228	0.255425
0.355018	0.251852679
0.354636	0.247725
0.354197	0.243976786
0.353987	0.246938393
0.353777	0.24145625
0.353338	0.236991071
0.352994	0.2319875
0.352746	0.228700893
0.352478	0.22488125
0.352173	0.221197321
0.351905	0.217513393
0.351409	0.21200625
0.351199	0.208795536
0.351084	0.206104464
0.350569	0.2029125
0.350263	0.199033036
0.349996	0.196011607
0.349633	0.192169643
0.349309	0.1887625
0.349022	0.191442857
0.348774	0.186702679
0.348449	0.182895536
0.348258	0.179708929
0.347915	0.175509821
0.347437	0.171338393
0.34717	0.168448214
0.346864	0.164975893
0.346654	0.156667857
0.34633	0.154896429
0.345814	0.152283929
0.345509	0.149736607
0.345509	0.146995536
0.345203	0.143169643
0.344726	0.139972321
0.344439	0.137650893
0.344134	0.140561607
0.343695	0.136094643
0.343523	0.132788393
0.343275	0.128783929
0.342912	0.125367857
0.342683	0.122410714
0.34232	0.11909375
0.341957	0.116285714
0.341575	0.103416964
0.341308	0.102829464
0.340964	0.101444643
0.340735	0.099648214
0.340315	0.096730357
0.340067	0.094696429
0.339857	0.092386607
0.339647	0.089641964
0.339093	0.092625
0.338978	0.088629464
0.338711	0.085286161
0.338348	0.082612321
0.337986	0.079500179
0.337565	0.076335893
0.337145	0.073454732
0.336993	0.071155089
0.336744	0.063335446
0.336458	0.062262411
0.336	0.060269554
0.335713	0.057705357
0.335503	0.055526696
0.335217	0.052832768
0.334892	0.050031161
0.334625	0.048139911
0.334319	0.051562857
0.333957	0.046972679
0.333537	0.044172857
0.333346	0.040913304
0.333002	0.037888929
0.332601	0.035054286
0.332257	0.032921786
0.332181	0.030205357
0.331875	0.025672679
0.331512	0.023382321
0.33115	0.022351964
0.330806	0.019579821
0.330768	0.016910625
0.33031	0.014883929
0.329928	0.0131425
0.329565	0.009771071
0.329488	0.012905982
0.329087	0.009371607
0.32882	0.007073607
0.328362	0.003915
0.328075	0.001217036
0.327827	-0.001188009
0.327655	-0.003939509
0.327121	-0.006066
0.326777	-0.013274107
0.326682	-0.014341161
0.326376	-0.015985804
0.325937	-0.018430268
0.325593	-0.01992
0.32544	-0.022422411
0.325001	-0.02409
0.324715	-0.026383661
0.324505	-0.023383125
0.324104	-0.027273393
0.323894	-0.030114464
0.323397	-0.032332589
0.323283	-0.035407143
0.323073	-0.037862321
0.322519	-0.04038375
0.322309	-0.041759643
0.321946	-0.053875625
0.321641	-0.053114732
0.321221	-0.054452679
0.320953	-0.056278571
0.320743	-0.057334643
0.320323	-0.059224375
0.320018	-0.060348929
0.31975	-0.061825625
0.319521	-0.059389286
0.319349	-0.063582857
0.318853	-0.065019732
0.318566	-0.067828125
0.318223	-0.070309821
0.318108	-0.072495
0.317593	-0.073989018
0.317153	-0.076440268
0.31702	-0.082745714
0.316638	-0.083627857
0.316428	-0.085002679
0.316103	-0.087024375
0.315836	-0.088530357
0.315492	-0.090295536
0.315225	-0.092716071
0.314919	-0.094108929
0.314557	-0.090016071
0.314251	-0.093864286
0.313926	-0.09666875
0.313793	-0.098658036
0.313315	-0.101289286
0.312914	-0.102645536
0.312819	-0.104971429
0.312494	-0.107332143
0.312017	-0.116729464
0.311731	-0.116466964
0.311425	-0.116760714
0.311139	-0.118277679
0.310986	-0.119908929
0.310642	-0.1219
0.310184	-0.123348214
0.309783	-0.125214286
0.309592	-0.121092857
0.309325	-0.124717857
0.309	-0.126508929
0.308733	-0.129532143
0.308408	-0.131584821
0.308217	-0.133708929
0.307854	-0.135232143
0.307492	-0.136978571
0.307148	-0.1439125
0.306804	-0.143976786
0.306651	-0.145726786
0.30625	-0.147109821
0.305869	-0.148761607
0.305563	-0.149871429
0.305257	-0.151670536
0.305067	-0.153452679
0.304723	-0.14946875
0.304341	-0.152760714
0.304169	-0.155692857
0.30373	-0.156988393
0.30352	-0.159369643
0.303195	-0.161428571
0.30289	-0.1626125
0.302584	-0.1648625
0.30226	-0.176658036
0.30184	-0.175626786
0.30163	-0.176130357
0.301458	-0.176699107
0.301038	-0.177891964
0.300656	-0.178922321
0.30035	-0.180091071
0.299987	-0.182207143
0.299739	-0.177271429
0.299453	-0.180944643
0.299014	-0.183371429
0.298765	-0.1848125
0.298613	-0.1878625
0.298231	-0.189788393
0.297925	-0.190728571
0.297658	-0.192777679
0.297295	-0.199130357
0.29697	-0.200298214
0.29678	-0.201460714
0.296417	-0.202871429
0.295997	-0.203798214
0.29571	-0.204875
0.295596	-0.205822321
0.295233	-0.207622321
0.294832	-0.203863393
0.294297	-0.207633929
0.294202	-0.209354464
0.294049	-0.211609821
0.293572	-0.213173214
0.293152	-0.214780357
0.29298	-0.216230357
0.292731	-0.218271429
0.29235	-0.221960714
0.292044	-0.223402679
0.291624	-0.224041071
0.291471	-0.225390179
0.291242	-0.225789286
0.290707	-0.229671429
0.290459	-0.230730357
0.290326	-0.232702679
0.290058	-0.228192857
0.289657	-0.231529464
0.289485	-0.233101786
0.288874	-0.235546429
0.288626	-0.236908929
0.288359	-0.23966875
0.288244	-0.240275
0.287767	-0.24164375
0.287404	-0.248675
0.287041	-0.249119643
0.286869	-0.248895536
0.286678	-0.251183929
0.286258	-0.252284821
0.285724	-0.254014286
0.285609	-0.254791071
0.285266	-0.256176786
0.285017	-0.252520536
0.284769	-0.255386607
0.28433	-0.256658036
0.283929	-0.258998214
0.283719	-0.260944643
0.283394	-0.263122321
0.283203	-0.2639
0.282879	-0.265259821
0.282592	-0.276601786
0.282153	-0.275561607
0.281695	-0.276105357
0.281676	-0.27605
0.281485	-0.277278571
0.281065	-0.278286607
0.280683	-0.27889375
0.28032	-0.280435714
0.279995	-0.276430357
0.279862	-0.279759821
0.279537	-0.280853571
0.27927	-0.282778571
0.278773	-0.284483036
0.278411	-0.286897321
0.278086	-0.287859821
0.277933	-0.289917857
0.277609	-0.295626786
0.277322	-0.2960625
0.276826	-0.296527679
0.276539	-0.297259821
0.276272	-0.298367857
0.276024	-0.299860714
0.275718	-0.300928571
0.275489	-0.302803571
0.275126	-0.298305357
0.274878	-0.300842857
0.274573	-0.303372321
0.274267	-0.304908036
0.27379	-0.306233036
0.273694	-0.307426786
0.273312	-0.308798214
0.273007	-0.310440179
0.272663	-0.313721429
0.272396	-0.314979464
0.272109	-0.315975893
0.271861	-0.317330357
0.271326	-0.319032143
0.271097	-0.319754464
0.270773	-0.320505357
0.270582	-0.322252679
0.270276	-0.318216071
0.26999	-0.321283036
0.269627	-0.322964286
0.269417	-0.325416964
0.269035	-0.326702679
0.268672	-0.328199107
0.268405	-0.329479464
0.268195	-0.330829464
0.267794	-0.337177679
0.26745	-0.337066071
0.267145	-0.337173214
0.266706	-0.338314286
0.266648	-0.339539286
0.266247	-0.340414286
0.265942	-0.341347321
0.265713	-0.343114286
0.265331	-0.338686607
0.264968	-0.341195536
0.264662	-0.342566071
0.264567	-0.344691964
0.264013	-0.34604375
0.263593	-0.347457143
0.263383	-0.348374107
0.263192	-0.350622321
0.262887	-0.361447321
0.262352	-0.359991071
0.262123	-0.359519643
0.261875	-0.360870536
0.261493	-0.361334821
0.261283	-0.361817857
0.260996	-0.363124107
0.260691	-0.36288125
0.2605	-0.35846875
0.260061	-0.361582143
0.259698	-0.3635375
0.259316	-0.364522321
0.259182	-0.365907143
0.258781	-0.3673875
0.258495	-0.368605357
0.258228	-0.370199107
0.257827	-0.375500893
0.257674	-0.375824107
0.257273	-0.37614375
0.256967	-0.377242857
0.256586	-0.378354464
0.256261	-0.379575
0.25607	-0.380061607
0.255707	-0.380789286
0.25544	-0.376530357
0.255001	-0.379045536
0.254714	-0.381176786
0.254485	-0.3828
0.25416	-0.384310714
0.254046	-0.385085714
0.253664	-0.386301786
0.253225	-0.387500893
0.252977	-0.391586607
0.25269	-0.392057143
0.252404	-0.392171429
0.252213	-0.393307143
0.251735	-0.39464375
0.251392	-0.39555
0.251124	-0.396135714
0.250838	-0.397752679
0.250513	-0.393205357
0.25017	-0.395736607
0.249864	-0.39748125
0.249616	-0.399051786
0.249387	-0.401379464
0.248929	-0.402053571
0.248566	-0.403048214
0.248432	-0.404186607
0.248088	-0.410198214
0.247764	-0.410317857
0.24742	-0.410241071
0.247115	-0.411383036
0.246771	-0.411984821
0.246599	-0.412899107
0.246064	-0.413975893
0.245969	-0.415519643
0.245492	-0.411533929
0.245301	-0.413359821
0.245033	-0.415185714
0.244709	-0.416516071
0.24446	-0.418153571
0.24404	-0.418955357
0.243678	-0.42045
0.243391	-0.421728571
0.243162	-0.432548214
0.242876	-0.430684821
0.242494	-0.430303571
0.242131	-0.431296429
0.241787	-0.431298214
0.241444	-0.432144643
0.241233	-0.432808929
0.240985	-0.433529464
0.240661	-0.4291625
0.240317	-0.431611607
0.239897	-0.433375
0.23982	-0.433932143
0.239534	-0.435158036
0.23919	-0.436533036
0.238808	-0.437635714
0.238465	-0.439391071
0.238178	-0.444601786
0.237796	-0.445150893
0.237606	-0.445253571
0.237224	-0.445858929
0.236975	-0.446861607
0.236574	-0.447470536
0.236212	-0.448091964
0.235925	-0.449014286
0.235811	-0.444626786
0.235562	-0.4471375
0.235104	-0.449024107
0.234684	-0.450383036
0.234608	-0.451558929
0.234283	-0.451409821
0.233863	-0.453546429
0.233596	-0.454308036
0.23308	-0.461135714
0.232889	-0.461328571
0.232736	-0.461014286
0.232431	-0.461520536
0.232164	-0.462480357
0.231667	-0.463451786
0.231342	-0.463989286
0.231075	-0.464574107
0.230846	-0.460492857
0.230617	-0.4629875
0.230216	-0.463771429
0.229987	-0.466070536
0.229548	-0.467046429
0.229414	-0.468739286
0.228994	-0.469633036
0.228841	-0.470697321
0.228326	-0.476702679
0.228058	-0.476886607
0.2276	-0.476486607
0.227333	-0.477859821
0.227104	-0.478742857
0.226874	-0.478722321
0.226512	-0.480075893
0.226244	-0.480628571
0.225748	-0.476008036
0.225442	-0.478621429
0.225385	-0.480460714
0.225079	-0.481484821
0.224736	-0.483202679
0.224373	-0.483971429
0.223972	-0.484763393
0.223666	-0.486036607
0.223456	-0.497533929
0.223132	-0.49578125
0.222769	-0.495725
0.222406	-0.496008036
0.222139	-0.4960875
0.221853	-0.496673214
0.221604	-0.497939286
0.22128	-0.498901786
0.220917	-0.493974107
0.220611	-0.496650893
0.220344	-0.497595536
0.220096	-0.499645536
0.219695	-0.500524107
0.219447	-0.501848214
0.219046	-0.503045536
0.218816	-0.504190179
0.218473	-0.509294643
0.218167	-0.509496429
0.217785	-0.510099107
0.217403	-0.510432143
0.217308	-0.511622321
0.216945	-0.512277679
0.216621	-0.513483036
0.216296	-0.514575
0.216029	-0.509719643
0.21559	-0.512216071
0.215494	-0.513309821
0.21515	-0.515173214
0.214959	-0.516408036
0.214539	-0.51791875
0.214234	-0.518332143
0.213833	-0.519483929
0.213451	-0.523488393
0.213279	-0.523845536
0.212802	-0.523905357
0.212649	-0.525580357
0.212458	-0.526345536
0.212133	-0.527122321
0.211771	-0.52785625
0.211389	-0.529010714
0.211102	-0.524592857
0.21072	-0.527282143
0.210377	-0.528475893
0.210109	-0.530041964
0.210052	-0.531925893
0.209517	-0.532902679
0.209288	-0.533732143
0.209097	-0.534566071
0.20862	-0.540425
0.208448	-0.540605357
0.208066	-0.540861607
0.207761	-0.542225
0.207513	-0.542266071
0.207131	-0.543920536
0.206691	-0.544691964
0.20652	-0.545184821
0.206329	-0.5407125
0.205928	-0.543439286
0.205508	-0.545166071
0.205183	-0.546603571
0.205087	-0.54774375
0.204572	-0.5488875
0.204228	-0.549977679
0.203942	-0.550908929
0.203732	-0.561425
0.203388	-0.560179464
0.203121	-0.55914375
0.202739	-0.560314286
0.202548	-0.560719643
0.202223	-0.560983929
0.201918	-0.561300893
0.201536	-0.562803571
0.201078	-0.55829375
0.20081	-0.560542857
0.200696	-0.562075893
0.200333	-0.563313393
0.200066	-0.564363393
0.199722	-0.56646875
0.199455	-0.566764286
0.19913	-0.567797321
0.198805	-0.573460714
0.198481	-0.573383929
0.19808	-0.573599107
0.197946	-0.5745375
0.197526	-0.5752875
0.197144	-0.575805357
0.1968	-0.577120536
0.196495	-0.577736607
0.196419	-0.572783036
0.196094	-0.575275893
0.195846	-0.576580357
0.195311	-0.5780125
0.195082	-0.579917857
0.194796	-0.580466964
0.194395	-0.58199375
0.193974	-0.58349375
0.193745	-0.586889286
0.19344	-0.587519643
0.193306	-0.587544643
0.192924	-0.588530357
0.192657	-0.589276786
0.192409	-0.590428571
0.191989	-0.591133929
0.19176	-0.591928571
0.191454	-0.587485714
0.191244	-0.59015
0.190881	-0.591795536
0.190671	-0.593748214
0.190136	-0.594817857
0.189888	-0.596191964
0.189545	-0.596683929
0.189315	-0.597979464
0.188953	-0.604195536
0.188609	-0.604002679
0.188265	-0.60490625
0.187883	-0.605626786
0.187807	-0.606133036
0.18733	-0.606808929
0.187062	-0.607674107
0.186661	-0.608847321
0.186413	-0.604566964
0.18605	-0.606855357
0.185821	-0.608549107
0.185592	-0.609245536
0.18542	-0.6098625
0.184962	-0.611571429
0.184733	-0.612896429
0.184313	-0.614426786
0.184045	-0.625323214
0.183721	-0.623901786
0.183453	-0.623847321
0.182957	-0.623454464
0.182804	-0.623964286
0.182403	-0.624960714
0.182079	-0.625554464
0.18183	-0.626034821
0.181525	-0.621510714
0.181162	-0.624136607
0.180933	-0.624815179
0.180608	-0.626507143
0.180284	-0.627684821
0.179959	-0.629586607
0.179787	-0.630557143
0.179386	-0.63114375
0.179138	-0.637529464
0.178794	-0.63690625
0.178317	-0.637791964
0.178031	-0.637866071
0.177763	-0.639303571
0.177515	-0.639764286
0.177133	-0.640395536
0.176789	-0.641384821
0.17656	-0.636348214
0.176197	-0.638827679
0.176064	-0.640395536
0.175682	-0.641294643
0.175357	-0.642453571
0.175205	-0.644171429
0.174784	-0.645642857
0.174632	-0.646488393
0.174193	-0.650566964
0.173944	-0.650255357
0.173582	-0.651474107
0.173104	-0.652428571
0.172932	-0.653508929
0.172569	-0.654816071
0.172149	-0.65546875
0.171958	-0.656498214
0.171787	-0.651630357
0.171481	-0.653875
0.171195	-0.655820536
0.17087	-0.657096429
0.170469	-0.658601786
0.170202	-0.6605
0.169839	-0.660869643
0.16961	-0.661823214
0.169209	-0.6675875
0.168884	-0.66835625
0.168655	-0.668446429
0.168311	-0.669185714
0.167834	-0.6704
0.167777	-0.671795536
0.167452	-0.672551786
0.167204	-0.672855357
0.166879	-0.668132143
0.166421	-0.670907143
0.166154	-0.672947321
0.165791	-0.673702679
0.165562	-0.675350893
0.165218	-0.6763875
0.16497	-0.677340179
0.164626	-0.678799107
0.16434	-0.689465179
0.164092	-0.688394643
0.163652	-0.687766071
0.163366	-0.688688393
0.162984	-0.689034821
0.162679	-0.689629464
0.162411	-0.690102679
0.162144	-0.691094643
0.161743	-0.68610625
0.161533	-0.688991964
0.161113	-0.690183036
0.160865	-0.691366964
0.160502	-0.692646429
0.160368	-0.694355357
0.160005	-0.695064286
0.159814	-0.696209821
0.159432	-0.702220536
0.159031	-0.701623214
0.158764	-0.702866071
0.15842	-0.703403571
0.15823	-0.70458125
0.157905	-0.70511875
0.157523	-0.705851786
0.157084	-0.7063125
0.156912	-0.701448214
0.156549	-0.703803571
0.156454	-0.705790179
0.155881	-0.707016964
0.155652	-0.708769643
0.15527	-0.709735714
0.155155	-0.710733036
0.154812	-0.712366964
0.154544	-0.720148214
0.15401	-0.719921429
0.153761	-0.7198
0.153418	-0.721176786
0.153169	-0.721678571
0.152864	-0.722222321
0.152654	-0.722802679
0.152138	-0.723265179
0.152024	-0.719355357
0.151642	-0.720965179
0.151336	-0.722576786
0.15105	-0.723970536
0.150802	-0.725725
0.150553	-0.727405357
0.150172	-0.728153571
0.149809	-0.730175893
0.149599	-0.735645536
0.149312	-0.736051786
0.149026	-0.735783036
0.148682	-0.73668125
0.148148	-0.737720536
0.147804	-0.738816964
0.147651	-0.7391
0.147384	-0.7401375
0.147212	-0.735400893
0.146696	-0.738575
0.146448	-0.739713393
0.146143	-0.741216071
0.145742	-0.742576786
0.145589	-0.743779464
0.14536	-0.74479375
0.144863	-0.746135714
0.144481	-0.756904464
0.144138	-0.756652679
0.143928	-0.756483929
0.143679	-0.756978571
0.143431	-0.756716964
0.143011	-0.758016071
0.142744	-0.758130357
0.142457	-0.759082143
0.141999	-0.754870536
0.141808	-0.757298214
0.141541	-0.75855625
0.141254	-0.759933929
0.140815	-0.76146875
0.140567	-0.762744643
0.140319	-0.763347321
0.139937	-0.765180357
0.13967	-0.771348214
0.139326	-0.771428571
0.138982	-0.771569643
0.138772	-0.772359821
0.138448	-0.77344375
0.138066	-0.774727679
0.137913	-0.774928571
0.137512	-0.775595536
0.137187	-0.771240179
0.136767	-0.773400893
0.136634	-0.774796429
0.136385	-0.776404464
0.136118	-0.777923214
0.135774	-0.779597321
0.135392	-0.779886607
0.135125	-0.781488393
0.134648	-0.785299107
0.134419	-0.786234821
0.134189	-0.78706875
0.133731	-0.788155357
0.133387	-0.78966875
0.133254	-0.790396429
0.133025	-0.791347321
0.132471	-0.792684821
0.132261	-0.787566964
0.131784	-0.790307143
0.131784	-0.791344643
0.13144	-0.79349375
0.131134	-0.794630357
0.13102	-0.797091964
0.130485	-0.797871429
0.130122	-0.799411607
0.129817	-0.805930357
0.129454	-0.806005357
0.129072	-0.806595536
0.128824	-0.807569643
0.128576	-0.808371429
0.128213	-0.809316071
0.127946	-0.810348214
0.127602	-0.812073214
0.127258	-0.806717857
0.127048	-0.809936607
0.126819	-0.811489286
0.126475	-0.813416071
0.126284	-0.815226786
0.125807	-0.816557143
0.125597	-0.817876786
0.125043	-0.81931875
0.124795	-0.830699107
0.124528	-0.829611607
0.124184	-0.829210714
0.123802	-0.83060625
0.123707	-0.831139286
0.12342	-0.83201875
0.123096	-0.832599107
0.122618	-0.833491964
0.122332	-0.82946875
0.121931	-0.831505357
0.121721	-0.832766071
0.121473	-0.833998214
0.121129	-0.835616964
0.120842	-0.837479464
0.120651	-0.838835714
0.120384	-0.839766964
0.12006	-0.84694375
0.119697	-0.847209821
0.119334	-0.84744375
0.119105	-0.84816875
0.118857	-0.848699107
0.118436	-0.850384821
0.118093	-0.851041071
0.11773	-0.852383036
0.117482	-0.848166071
0.117138	-0.849721429
0.116909	-0.852383929
0.11668	-0.853015179
0.116298	-0.855164286
0.115973	-0.856851786
0.115687	-0.858263393
0.115324	-0.858725
0.114904	-0.863254464
0.114637	-0.863891071
0.114446	-0.864901786
0.114178	-0.866052679
0.113854	-0.868025
0.113548	-0.8695875
0.113071	-0.870421429
0.11288	-0.871616964
0.112555	-0.867747321
0.112269	-0.869967857
0.112002	-0.870954464
0.111123	-0.875841071
0.11078	-0.87704375
0.110436	-0.878624107
0.110092	-0.886009821
0.109901	-0.886246429
0.109443	-0.886929464
0.10908	-0.887344643
0.108794	-0.889159821
0.108526	-0.890377679
0.108278	-0.891124107
0.107858	-0.893178571
0.107839	-0.888376786
0.107304	-0.891290179
0.106999	-0.89284375
0.106674	-0.894464286
0.106273	-0.8965
0.106159	-0.897741071
0.105968	-0.899080357
0.105529	-0.901910714
0.105223	-0.913178571
0.104803	-0.911732143
0.104459	-0.912241071
0.104077	-0.912625
0.103829	-0.914785714
0.103619	-0.915544643
0.103352	-0.916642857
0.102989	-0.917419643
0.102683	-0.912017857
0.102378	-0.914651786
0.101958	-0.916607143
0.101958	-0.918580357
0.101538	-0.919982143
0.101328	-0.921776786
0.100831	-0.922821429
0.100621	-0.925
0.100125	-0.931232143
0.100106	-0.931517857
0.0996474	-0.932839286
0.0992655	-0.934214286
0.0989982	-0.934901786
0.0988073	-0.936526786
0.0983681	-0.937571429
0.0981963	-0.938919643
0.0978335	-0.934571429
0.0974134	-0.936732143
0.0972033	-0.938571429
0.0967451	-0.941035714
0.0966305	-0.942616071
0.0963059	-0.944339286
0.0958858	-0.946160714
0.0956376	-0.947616071
0.0953512	-0.951776786
0.0950647	-0.952669643
0.0946256	-0.953660714
0.0942628	-0.9556875
0.09411	-0.956767857
0.0937472	-0.958446429
0.0935181	-0.960160714
0.0931744	-0.961482143
0.0929643	-0.956741071
0.0925825	-0.959205357
0.0922578	-0.961089286
0.0918951	-0.963178571
0.0915704	-0.965401786
0.0911885	-0.96675
0.091074	-0.968455357
0.0907303	-0.970321429
0.0904057	-0.9770625
0.0901384	-0.977776786
0.0899092	-0.9780625
0.0894128	-0.979392857
0.0891072	-0.9810625
0.0888972	-0.983232143
0.088458	-0.984419643
0.0883244	-0.985794643
0.0878661	-0.980964286
0.0875988	-0.9841875
0.0873124	-0.986160714
0.0869496	-0.987866071
0.0867204	-0.990303571
0.0865677	-0.991696429
0.0861667	-0.993178571
0.0858612	-0.995535714
0.0854029	-1.007366071
0.0851547	-1.006267857
0.0849255	-1.007053571
0.0845055	-1.0080625
0.0841618	-1.009
0.0837608	-1.010116071
0.0837226	-1.011214286
0.0833598	-1.01325
0.0829397	-1.008107143
0.0827106	-1.010410714
0.0823478	-1.013196429
0.0822141	-1.014785714
0.0818704	-1.016857143
0.0814694	-1.018714286
0.0811066	-1.020339286
0.0808966	-1.0215625
0.0806866	-1.028241071
0.0801901	-1.028214286
0.0799228	-1.030080357
0.0795218	-1.031392857
0.0793117	-1.032866071
0.0790826	-1.034053571
0.0786243	-1.035589286
0.0782997	-1.037241071
0.0779942	-1.032285714
0.0778033	-1.034526786
0.0775169	-1.037178571
0.0770586	-1.039232143
0.0769058	-1.041071429
0.0766003	-1.043098214
0.0763521	-1.044633929
0.075932	-1.047294643
0.0755883	-1.0545625
0.0752828	-1.055214286
0.0749964	-1.0565
0.0748054	-1.058044643
0.0744617	-1.059535714
0.0740798	-1.061616071
0.0738316	-1.061589286
0.0733733	-1.064214286
0.0730678	-1.058526786
0.0727432	-1.061607143
0.0726668	-1.063839286
0.0721895	-1.065732143
0.0719985	-1.067758929
0.0715403	-1.0705
0.0713875	-1.072616071
0.0710438	-1.074017857
0.0706619	-1.081392857
0.0703564	-1.0821875
0.0701273	-1.082723214
0.0697836	-1.0850625
0.0694208	-1.086151786
0.0689625	-1.088151786
0.0687525	-1.088857143
0.0685233	-1.0906875
0.0683706	-1.085919643
0.068046	-1.088901786
0.0676068	-1.091107143
0.0673013	-1.093205357
0.0668621	-1.094794643
0.0666903	-1.096875
0.0663275	-1.098794643
0.0660219	-1.100794643
0.0657355	-1.113026786
0.0654109	-1.113339286
0.0649526	-1.1140625
0.0648572	-1.115919643
0.0645517	-1.116321429
0.0642843	-1.117642857
0.0638643	-1.119169643
0.0635015	-1.121035714
0.063215	-1.11575
0.0629477	-1.118964286
0.0626995	-1.121392857
0.0624895	-1.122098214
0.0620121	-1.124160714
0.0616684	-1.126366071
0.0615347	-1.128258929
0.0612101	-1.130607143
0.0608473	-1.138348214
0.0604463	-1.138883929
0.0601408	-1.140339286
0.0599499	-1.141866071
0.0596253	-1.143741071
0.0592816	-1.145705357
0.0588424	-1.146973214
0.0585942	-1.148571429
0.0584987	-1.143482143
0.0582505	-1.145785714
0.0577731	-1.149116071
0.0575058	-1.151053571
0.0571048	-1.153401786
0.0567993	-1.155303571
0.0566656	-1.157276786
0.0560737	-1.159410714
0.0558064	-1.163294643
0.0555581	-1.165642857
0.0552908	-1.166767857
0.0550617	-1.168875
0.0546416	-1.170375
0.0542406	-1.172866071
0.0540115	-1.1744375
0.0537632	-1.175741071
0.0534577	-1.171125
0.0532286	-1.174392857
0.052904	-1.175464286
0.052503	-1.179044643
0.052293	-1.180732143
0.0519111	-1.183044643
0.0516247	-1.185142857
0.0514337	-1.187616071
0.0511282	-1.195803571
0.0506317	-1.196580357
0.050288	-1.19725
0.0500207	-1.198875
0.0498489	-1.201026786
0.0495052	-1.203473214
0.0491233	-1.205151786
0.0488369	-1.206392857
0.0485504	-1.202285714
0.0481876	-1.205464286
0.0478439	-1.207830357
0.0477485	-1.209732143
0.0474811	-1.212026786
0.0471374	-1.214267857
0.0466028	-1.2160625
0.0463164	-1.218464286
0.0460681	-1.231196429
0.0458772	-1.232160714
0.045438	-1.232330357
0.0450752	-1.234142857
0.0448461	-1.236026786
0.0444642	-1.237267857
0.044216	-1.238419643
0.0438914	-1.240723214
0.0435286	-1.236205357
0.0433185	-1.239223214
0.0430321	-1.241714286
0.0427648	-1.244642857
0.0423638	-1.246357143
0.0420201	-1.2484375
0.0417528	-1.25125
0.0414664	-1.253678571
0.0411799	-1.259973214
0.0408171	-1.261098214
0.0404734	-1.263178571
0.0401679	-1.264973214
0.0399388	-1.267008929
0.0394996	-1.26875
0.0392705	-1.269901786
0.0390795	-1.271839286
0.0386595	-1.266678571
0.0384112	-1.270651786
0.0381439	-1.272589286
0.0377811	-1.275848214
0.037361	-1.278098214
0.0371319	-1.281196429
0.03675	-1.2833125
0.0365591	-1.285991071
0.036349	-1.289526786
0.0360244	-1.291517857
0.0354707	-1.2940625
0.035337	-1.295803571
0.0348596	-1.298169643
0.0345923	-1.3005625
0.034325	-1.302571429
0.0340959	-1.304098214
0.0338285	-1.300633929
0.0334467	-1.303276786
0.033122	-1.3054375
0.0328165	-1.308375
0.0325301	-1.3109375
0.0322819	-1.314446429
0.0318618	-1.317098214
0.03169	-1.3176875
0.0312508	-1.325928571
0.031098	-1.327669643
0.0305825	-1.330214286
0.030277	-1.3321875
0.0300287	-1.333848214
0.0298187	-1.335366071
0.0295705	-1.337482143
0.0291122	-1.339741071
0.0288831	-1.3353125
0.0286539	-1.338848214
0.0282147	-1.341080357
0.0279092	-1.344133929
0.0275846	-1.347508929
0.027451	-1.348767857
0.0269736	-1.351857143
0.026649	-1.354883929
0.0264199	-1.368044643
0.0260189	-1.369151786
0.0257134	-1.370017857
0.025446	-1.371785714
0.0251596	-1.374080357
0.0248159	-1.375678571
0.0245677	-1.377526786
0.0241285	-1.378821429
0.0238803	-1.375303571
0.0234984	-1.3786875
0.023212	-1.380758929
0.0230974	-1.384178571
0.0227537	-1.385830357
0.0224673	-1.388866071
0.022009	-1.391053571
0.0218181	-1.392982143
0.0214553	-1.401491071
0.0210925	-1.402901786
0.0210161	-1.404616071
0.0205006	-1.406410714
0.0202905	-1.4094375
0.0198704	-1.411821429
0.0196413	-1.414133929
0.0191639	-1.415625
0.0189921	-1.411339286
0.0185911	-1.415625
0.0183811	-1.418517857
0.0181328	-1.420428571
0.0179228	-1.423294643
0.0175218	-1.426232143
0.0170826	-1.429133929
0.0168726	-1.431044643
0.0165098	-1.437321429
0.0161852	-1.439107143
0.0159179	-1.441526786
0.015536	-1.444732143
0.015345	-1.447473214
0.0148677	-1.449776786
0.0146385	-1.451955357
0.0144476	-1.454383929
0.0140848	-1.4500625
0.0138175	-1.4533125
0.0134547	-1.456955357
0.013111	-1.459589286
0.0128055	-1.4626875
0.0125763	-1.465544643
0.0121944	-1.468982143
0.0119844	-1.472142857
0.0116025	-1.479857143
0.0112588	-1.481473214
0.0110869	-1.483464286
0.0107241	-1.486
0.0103041	-1.489366071
0.0100176	-1.492026786
0.00977	-1.494723214
0.00944	-1.496125
0.00922	-1.492705357
0.0088	-1.496678571
0.00841	-1.498910714
0.00826	-1.501660714
0.00805	-1.505053571
0.00769	-1.5085
0.00736	-1.511419643
0.007	-1.513794643
0.00658	-1.527830357
0.00626	-1.529169643
0.00603	-1.531205357
0.0058	-1.533625
0.00543	-1.536258929
0.00515	-1.538928571
0.00467	-1.540875
0.00459	-1.543589286
0.00429	-1.539482143
0.00398	-1.543303571
0.00354	-1.546178571
0.00312	-1.549366071
0.00295	-1.552508929
0.0027	-1.555705357
0.00244	-1.558508929
0.00207	-1.561214286
0.00177	-1.569473214
0.00127	-1.571839286
0.00112	-1.57425
9.48E-4	-1.576892857
6.61E-4	-1.580080357
1.65E-4	-1.582526786
-1.02E-4	-1.584366071
-5.99E-4	-1.586580357
-7.9E-4	-1.583035714
-1E-3	-1.587705357
-0.00132	-1.590955357
-0.00165	-1.594116071
-0.00195	-1.597651786
-0.00237	-1.600392857
-0.00241	-1.603919643
-0.00279	-1.607375
-0.00325	-1.629589286
-0.00356	-1.629080357
-0.00384	-1.631285714
-0.00407	-1.632857143
-0.00449	-1.635035714
-0.0048	-1.637401786
-0.00509	-1.639633929
-0.00539	-1.642446429
-0.0056	-1.638785714
-0.00606	-1.641928571
-0.0064	-1.644857143
-0.00658	-1.648535714
-0.00698	-1.651892857
-0.0073	-1.655464286
-0.00759	-1.657821429
-0.00776	-1.660866071
-0.00812	-1.669741071
-0.00854	-1.671553571
-0.00877	-1.674026786
-0.00912	-1.676446429
-0.00944	-1.6795625
-0.00978	-1.682758929
-0.0102226	-1.685535714
-0.0103753	-1.688303571
-0.0108145	-1.6841875
-0.01091	-1.6885
-0.0112155	-1.692151786
-0.0114637	-1.695044643
-0.0118647	-1.698267857
-0.0121511	-1.701044643
-0.0124375	-1.7041875
-0.0127049	-1.707589286
-0.0131822	-1.723428571
-0.0135641	-1.724071429
-0.013736	-1.726741071
-0.0140033	-1.729223214
-0.014347	-1.732410714
-0.0147289	-1.735375
-0.0149198	-1.737625
-0.0152062	-1.740589286
-0.015569	-1.738035714
-0.0159891	-1.741964286
-0.0162564	-1.744383929
-0.0164856	-1.747303571
-0.016772	-1.750616071
-0.017173	-1.754678571
-0.017574	-1.758285714
-0.0177649	-1.760410714
-0.0181277	-1.7701875
-0.0184332	-1.771955357
-0.0185669	-1.774446429
-0.0188915	-1.777625
-0.0191588	-1.781026786
-0.0195789	-1.783080357
-0.019808	-1.785758929
-0.0200563	-1.788857143
-0.0205145	-1.78575
-0.0208773	-1.789776786
-0.0210683	-1.793589286
-0.0212401	-1.797008929
-0.0217366	-1.799642857
-0.0221185	-1.802705357
-0.0223285	-1.806633929
-0.0225004	-1.809526786
-0.0229586	-1.8170625
-0.0232069	-1.819580357
-0.0235315	-1.8225625
-0.0238179	-1.825821429
-0.0242189	-1.829071429
-0.0246771	-1.831598214
-0.024849	-1.834116071
-0.0249636	-1.837241071
-0.0253073	-1.833696429
-0.025651	-1.839848214
-0.0259565	-1.843223214
-0.0263193	-1.847169643
-0.026663	-1.850580357
-0.0269685	-1.854107143
-0.0272167	-1.85775
-0.0275986	-1.860330357
-0.0277895	-1.8698125
-0.0281905	-1.872928571
-0.0284388	-1.875607143
-0.0289352	-1.8789375
-0.0290689	-1.882571429
-0.0293171	-1.885910714
-0.0296608	-1.888526786
-0.0300618	-1.89175
-0.0304819	-1.889107143
-0.0306537	-1.893044643
-0.0307874	-1.896428571
-0.0312648	-1.900160714
-0.0315321	-1.903767857
-0.0319712	-1.906991071
-0.0322386	-1.910964286
-0.0323531	-1.9141875
-0.0328496	-1.929232143
-0.0331742	-1.931196429
-0.0335179	-1.933419643
-0.0338616	-1.936767857
-0.0341098	-1.939625
-0.0343581	-1.942910714
-0.0346254	-1.945732143
-0.0352173	-1.948473214
-0.0352937	-1.945535714
-0.0355801	-1.948696429
-0.0359047	-1.952142857
-0.0361911	-1.955964286
-0.0364585	-1.960223214
-0.0367831	-1.962964286
-0.0370504	-1.966544643
-0.0372413	-1.969580357
-0.037776	-1.979919643
-0.0380624	-1.982330357
-0.0384061	-1.9854375
-0.0388071	-1.988482143
-0.0389217	-1.991803571
-0.0393227	-1.996214286
-0.0395709	-1.999205357
-0.0399337	-2.001258929
-0.0401628	-1.997544643
-0.0405638	-2.002821429
-0.040812	-2.005669643
-0.0410603	-2.010214286
-0.0414994	-2.014321429
-0.0418049	-2.018607143
-0.0419959	-2.021830357
-0.0422632	-2.024991071
-0.0426642	-2.031875
-0.0429697	-2.035348214
-0.0431988	-2.037339286
-0.0436571	-2.0405625
-0.0437908	-2.044419643
-0.0442109	-2.048107143
-0.0444591	-2.051410714
-0.0449174	-2.055669643
-0.0452038	-2.052223214
-0.0453947	-2.056214286
-0.0455475	-2.060053571
-0.0459485	-2.064553571
-0.0463494	-2.068901786
-0.0465213	-2.072848214
-0.0469223	-2.075955357
-0.0474569	-2.0806875
-0.0477243	-2.090482143
-0.047877	-2.0936875
-0.0482207	-2.096696429
-0.0485262	-2.099491071
-0.048889	-2.103732143
-0.0491372	-2.107214286
-0.0493664	-2.110419643
-0.0496719	-2.113767857
-0.0500538	-2.110142857
-0.0503975	-2.114830357
-0.0505884	-2.119339286
-0.0507985	-2.122696429
-0.051104	-2.126803571
-0.0516577	-2.1313125
-0.0518105	-2.135178571
-0.0520587	-2.13875
-0.0524788	-2.154258929
-0.052918	-2.157017857
-0.0531853	-2.159508929
-0.0533571	-2.162392857
-0.0538345	-2.166357143
-0.0542164	-2.169758929
-0.054331	-2.173089286
-0.0546365	-2.176428571
-0.0549993	-2.174125
-0.0552666	-2.179339286
-0.0555721	-2.182330357
-0.0557631	-2.187196429
-0.0562213	-2.190410714
-0.0566223	-2.194991071
-0.0569087	-2.198455357
-0.0570806	-2.202008929
-0.0574243	-2.212383929
-0.0578444	-2.214633929
-0.0581499	-2.2193125
-0.0582262	-2.22325
-0.058589	-2.227151786
-0.0588564	-2.230446429
-0.0593719	-2.234035714
-0.059792	-2.2371875
-0.0598875	-2.233473214
-0.0601548	-2.238232143
-0.0604412	-2.242857143
-0.0607849	-2.247678571
-0.0611668	-2.251383929
-0.0614532	-2.255464286
-0.0618351	-2.260294643
-0.0620452	-2.264267857
-0.0622361	-2.272017857
-0.0625798	-2.275910714
-0.0628853	-2.280008929
-0.0633436	-2.284178571
-0.0635536	-2.2881875
-0.0639355	-2.292464286
-0.0642983	-2.296258929
-0.0645083	-2.300339286
-0.0648139	-2.298223214
-0.0652912	-2.303205357
-0.0652912	-2.306089286
-0.0656731	-2.310946429
-0.0659404	-2.316964286
-0.0663414	-2.320142857
-0.0665706	-2.325401786
-0.066857	-2.329410714
-0.0672007	-2.340071429
-0.0675826	-2.343446429
-0.067869	-2.347401786
-0.0681936	-2.351473214
-0.0685182	-2.355696429
-0.0689001	-2.360580357
-0.0691101	-2.364741071
-0.0693966	-2.369169643
-0.0697021	-2.366160714
-0.0699885	-2.371107143
-0.0702749	-2.3759375
-0.0707905	-2.380276786
-0.0710005	-2.385473214
-0.0711342	-2.389482143
-0.0715542	-2.394348214
-0.0718788	-2.397785714
-0.0721844	-2.414303571
-0.0725472	-2.4171875
-0.0727572	-2.4205
-0.0730245	-2.423830357
-0.0735019	-2.427276786
-0.0737692	-2.4309375
-0.0740174	-2.435008929
-0.0741893	-2.439375
-0.0746857	-2.437089286
-0.0748958	-2.441625
-0.0753922	-2.445553571
-0.0754495	-2.449535714
-0.0759269	-2.454946429
-0.0762324	-2.457669643
-0.0765379	-2.461607143
-0.0767861	-2.466116071
-0.0772444	-2.476151786
-0.0774163	-2.479919643
-0.0776645	-2.484776786
-0.0780082	-2.488491071
-0.0784092	-2.493232143
-0.0787338	-2.496526786
-0.0790202	-2.500589286
-0.0792302	-2.503776786
-0.0797267	-2.500705357
-0.0799749	-2.506410714
-0.0801659	-2.510758929
-0.080395	-2.514973214
-0.0807578	-2.519392857
-0.0812352	-2.521223214
-0.0815025	-2.525732143
-0.0817125	-2.530392857
-0.081999	-2.541482143
-0.0822663	-2.543946429
-0.0827055	-2.547133929
-0.0829346	-2.551473214
-0.0834501	-2.555169643
-0.0835456	-2.558910714
-0.0838702	-2.562366071
-0.0840803	-2.566589286
-0.0844812	-2.564946429
-0.0847868	-2.569946429
-0.0851305	-2.573758929
-0.0852641	-2.576669643
-0.0856651	-2.581535714
-0.086047	-2.584875
-0.0864289	-2.588803571
-0.0866771	-2.593035714
-0.0870399	-2.602696429
-0.0872118	-2.605669643
-0.0876318	-2.608892857
-0.087861	-2.612357143
-0.0882047	-2.617
-0.0886248	-2.6200625
-0.088873	-2.623303571
-0.0891403	-2.626419643
-0.0893694	-2.622214286
-0.0895795	-2.626553571
-0.0901141	-2.630446429
-0.0903815	-2.634142857
-0.0907061	-2.638348214
-0.0909352	-2.641598214
-0.0913362	-2.645660714
-0.0915271	-2.649285714
-0.0919663	-2.664678571
-0.0921763	-2.666392857
-0.09252	-2.668919643
-0.0928828	-2.671169643
-0.0930738	-2.6741875
-0.0935512	-2.676642857
-0.0938376	-2.6793125
-0.0942004	-2.682741071
-0.0941622	-2.679285714
-0.0946777	-2.683205357
-0.0950023	-2.6863125
-0.0953651	-2.688848214
-0.0956325	-2.6925
-0.0959571	-2.6951875
-0.0962817	-2.697866071
-0.0966063	-2.701232143
-0.0968927	-2.710241071
-0.0971791	-2.711455357
-0.0975228	-2.714160714
-0.0977901	-2.7165625
-0.0980957	-2.719267857
-0.098363	-2.721401786
-0.0985157	-2.723892857
-0.0990313	-2.726973214
-0.0993559	-2.722473214
-0.0996423	-2.725598214
-0.0998905	-2.728053571
-0.100139	-2.730732143
-0.100654	-2.733973214
-0.100883	-2.7365
-0.10117	-2.7390625
-0.101475	-2.741285714
-0.101819	-2.746955357
-0.101991	-2.749803571
-0.10243	-2.751803571
-0.102602	-2.7548125
-0.10306	-2.756794643
-0.103328	-2.758678571
-0.103671	-2.760919643
-0.103824	-2.762732143
-0.10413	-2.758678571
-0.104359	-2.760821429
-0.104817	-2.762625
-0.10518	-2.765223214
-0.105409	-2.767330357
-0.105657	-2.7694375
-0.106077	-2.773303571
-0.106421	-2.775428571
-0.106745	-2.782160714
-0.107089	-2.783875
-0.107146	-2.785133929
-0.107662	-2.787464286
-0.107929	-2.790401786
-0.108197	-2.792625
-0.108598	-2.794375
-0.108769	-2.796758929
-0.10919	-2.791964286
-0.109438	-2.793767857
-0.109648	-2.796330357
-0.110011	-2.798508929
-0.110393	-2.800160714
-0.110774	-2.802392857
-0.110946	-2.804678571
-0.111214	-2.8055625
-0.111634	-2.818651786
-0.112016	-2.8185
-0.112283	-2.820848214
-0.112646	-2.821571429
-0.112856	-2.822678571
-0.113028	-2.824482143
-0.1136	-2.826026786
-0.113772	-2.827705357
-0.114192	-2.8215625
-0.114288	-2.824633929
-0.11467	-2.826080357
-0.115052	-2.828223214
-0.115433	-2.82975
-0.115624	-2.831732143
-0.115911	-2.833044643
-0.116274	-2.8340625
-0.116694	-2.841839286
-0.11698	-2.842741071
-0.117228	-2.843991071
-0.117458	-2.845357143
-0.117744	-2.846080357
-0.118164	-2.847080357
-0.11847	-2.847821429
-0.118737	-2.849
-0.119004	-2.844241071
-0.119272	-2.847133929
-0.119615	-2.8495625
-0.119883	-2.850821429
-0.120284	-2.851464286
-0.120379	-2.852982143
-0.120875	-2.8538125
-0.121219	-2.856125
-0.121429	-2.860535714
-0.121677	-2.861732143
-0.122097	-2.862357143
-0.122556	-2.863625
-0.122747	-2.864401786
-0.122919	-2.865
-0.123281	-2.865303571
-0.123606	-2.867214286
-0.123759	-2.861910714
-0.124255	-2.864026786
-0.124561	-2.865410714
-0.12479	-2.8664375
-0.125134	-2.868473214
-0.125439	-2.870464286
-0.125687	-2.870892857
-0.126165	-2.872758929
-0.126375	-2.880892857
-0.126623	-2.881214286
-0.126986	-2.881866071
-0.127425	-2.882598214
-0.127788	-2.884008929
-0.127845	-2.885151786
-0.128131	-2.886080357
-0.128532	-2.886830357
-0.128742	-2.880901786
-0.129029	-2.883410714
-0.129487	-2.884955357
-0.129793	-2.88575
-0.130022	-2.887366071
-0.130385	-2.888419643
-0.130575	-2.890419643
-0.130976	-2.891
-0.131397	-2.904383929
-0.131759	-2.903473214
-0.131912	-2.903901786
-0.132351	-2.904875
-0.132657	-2.9049375
-0.132867	-2.906723214
-0.133287	-2.907348214
-0.133421	-2.907633929
-0.133879	-2.902241071
-0.133993	-2.9034375
-0.134375	-2.904464286
-0.134624	-2.905366071
-0.135082	-2.906366071
-0.135349	-2.907651786
-0.135578	-2.908214286
-0.136094	-2.90975
-0.136323	-2.916544643
-0.136552	-2.916446429
-0.136991	-2.916919643
-0.137259	-2.918651786
-0.13743	-2.920142857
-0.137698	-2.920678571
-0.138175	-2.920892857
-0.138442	-2.921660714
-0.138862	-2.9155
-0.139053	-2.917080357
-0.139397	-2.918607143
-0.139569	-2.920375
-0.139913	-2.922080357
-0.140275	-2.922571429
-0.140676	-2.924035714
-0.140887	-2.924839286
-0.141173	-2.928839286
-0.141478	-2.928482143
-0.141879	-2.929678571
-0.142147	-2.931401786
-0.1423	-2.931294643
-0.1427	-2.932866071
-0.14293	-2.933473214
-0.143197	-2.934008929
-0.143579	-2.929866071
-0.143961	-2.932178571
-0.144362	-2.931955357
-0.144553	-2.933919643
-0.144801	-2.935580357
-0.145087	-2.936973214
-0.145412	-2.9379375
-0.14566	-2.938321429
-0.146023	-2.945625
-0.146348	-2.946508929
-0.146691	-2.946464286
-0.146939	-2.947267857
-0.147321	-2.948571429
-0.147703	-2.949419643
-0.147971	-2.950401786
-0.1482	-2.950651786
-0.148563	-2.944598214
-0.148887	-2.946794643
-0.149269	-2.948455357
-0.149422	-2.949508929
-0.149765	-2.950901786
-0.150128	-2.952080357
-0.150357	-2.954357143
-0.150758	-2.955
-0.150949	-2.967785714
-0.151389	-2.967428571
-0.151599	-2.968214286
-0.152019	-2.968508929
-0.152305	-2.969392857
-0.152477	-2.969946429
-0.152935	-2.969678571
-0.15326	-2.971919643
-0.153432	-2.966723214
-0.153756	-2.967866071
-0.154062	-2.968526786
-0.154425	-2.969857143
-0.154749	-2.970964286
-0.155055	-2.972196429
-0.155303	-2.973223214
-0.155685	-2.9744375
-0.156086	-2.982455357
-0.156258	-2.981767857
-0.15662	-2.982223214
-0.156792	-2.983053571
-0.157079	-2.983625
-0.157403	-2.984383929
-0.157881	-2.985410714
-0.158205	-2.986607143
-0.158339	-2.980964286
-0.158625	-2.982580357
-0.159045	-2.983214286
-0.159332	-2.9845625
-0.159561	-2.986491071
-0.159828	-2.987410714
-0.160248	-2.988241071
-0.160592	-2.988955357
-0.160898	-2.998401786
-0.161241	-2.9989375
-0.16149	-2.999241071
-0.161871	-3.000357143
-0.162158	-3.001598214
-0.162482	-3.003517857
-0.16275	-3.003741071
-0.162998	-3.004705357
-0.163208	-2.999
-0.163666	-3.0006875
-0.16401	-3.00225
-0.16422	-3.003232143
-0.164526	-3.005223214
-0.16485	-3.00625
-0.165022	-3.006964286
-0.165442	-3.008241071
-0.165958	-3.015616071
-0.166129	-3.015883929
-0.166511	-3.016821429
-0.16653	-3.0176875
-0.16697	-3.017196429
-0.167332	-3.017821429
-0.167657	-3.018883929
-0.16802	-3.019696429
-0.16823	-3.014705357
-0.168612	-3.017
-0.168898	-3.019133929
-0.169185	-3.020883929
-0.169414	-3.022544643
-0.169834	-3.024473214
-0.17012	-3.025544643
-0.170426	-3.026821429
-0.170731	-3.039089286
-0.171113	-3.038428571
-0.171381	-3.03875
-0.171667	-3.039008929
-0.172068	-3.040223214
-0.172297	-3.041491071
-0.172717	-3.042732143
-0.17287	-3.042839286
-0.17308	-3.037214286
-0.173462	-3.038848214
-0.173825	-3.040294643
-0.174226	-3.041196429
-0.174378	-3.042589286
-0.174798	-3.043401786
-0.175028	-3.044848214
-0.175314	-3.045589286
-0.175677	-3.052973214
-0.176001	-3.0535625
-0.176288	-3.054196429
-0.176498	-3.054696429
-0.17709	-3.055580357
-0.1773	-3.056616071
-0.177472	-3.057241071
-0.177854	-3.058401786
-0.177987	-3.052348214
-0.178465	-3.054133929
-0.17877	-3.055910714
-0.179037	-3.056991071
-0.179324	-3.058080357
-0.179668	-3.0595
-0.179954	-3.060714286
-0.180279	-3.061428571
-0.180737	-3.065678571
-0.180947	-3.066732143
-0.181138	-3.066035714
-0.181482	-3.067973214
-0.181844	-3.068964286
-0.182169	-3.068919643
-0.182494	-3.069330357
-0.182761	-3.071375
-0.183085	-3.065982143
-0.183257	-3.067705357
-0.18362	-3.068803571
-0.183849	-3.070008929
-0.184327	-3.071232143
-0.184479	-3.072517857
-0.184995	-3.073089286
-0.185167	-3.074428571
-0.185453	-3.0820625
-0.185873	-3.0825
-0.186102	-3.082741071
-0.186389	-3.083571429
-0.186694	-3.084883929
-0.187153	-3.085392857
-0.187344	-3.086107143
-0.187668	-3.086821429
-0.187764	-3.080821429
-0.188222	-3.082491071
-0.188508	-3.083241071
-0.188852	-3.085705357
-0.189234	-3.086964286
-0.189368	-3.087705357
-0.189788	-3.089491071
-0.190055	-3.090589286
-0.190418	-3.102401786
-0.190666	-3.102107143
-0.191124	-3.102026786
-0.19143	-3.102732143
-0.191773	-3.103482143
-0.19185	-3.105053571
-0.192461	-3.105901786
-0.192614	-3.1060625
-0.192919	-3.099580357
-0.19311	-3.100678571
-0.193511	-3.1023125
-0.193702	-3.102678571
-0.194198	-3.104160714
-0.194428	-3.105553571
-0.19479	-3.105946429
-0.195115	-3.106482143
-0.195172	-3.112446429
-0.195764	-3.111830357
-0.195993	-3.111517857
-0.196299	-3.112607143
-0.196566	-3.113116071
-0.196872	-3.113857143
-0.197196	-3.114160714
-0.197521	-3.114928571
-0.197903	-3.109589286
-0.19817	-3.111053571
-0.198437	-3.112142857
-0.198648	-3.112794643
-0.198972	-3.113580357
-0.199545	-3.115241071
-0.199736	-3.115125
-0.200022	-3.116660714
-0.200251	-3.120526786
-0.200614	-3.120544643
-0.201015	-3.121401786
-0.201168	-3.122053571
-0.201435	-3.1223125
-0.201645	-3.123491071
-0.20218	-3.123473214
-0.20239	-3.123964286
-0.202867	-3.118294643
-0.202944	-3.119482143
-0.203287	-3.120383929
-0.203746	-3.121883929
-0.204089	-3.123446429
-0.204242	-3.124660714
-0.204471	-3.124901786
-0.204891	-3.125991071
-0.205331	-3.133133929
-0.205464	-3.132366071
-0.205903	-3.132383929
-0.205999	-3.133241071
-0.206457	-3.134071429
-0.206686	-3.13425
-0.207183	-3.135410714
-0.207259	-3.135758929
-0.207622	-3.130008929
-0.207927	-3.131973214
-0.208328	-3.132383929
-0.208519	-3.132732143
-0.208806	-3.134678571
-0.209188	-3.135678571
-0.209493	-3.136214286
-0.209818	-3.137571429
-0.210123	-3.149544643
-0.210429	-3.149080357
-0.210811	-3.149035714
-0.211135	-3.149348214
-0.211575	-3.149303571
-0.211823	-3.148946429
-0.211956	-3.149223214
-0.212319	-3.149982143
-0.212758	-3.144508929
-0.212911	-3.144821429
-0.213293	-3.147857143
-0.21356	-3.148580357
-0.213809	-3.149955357
-0.214171	-3.150125
-0.21442	-3.1504375
-0.214782	-3.151616071
-0.215145	-3.1590625
-0.215546	-3.158285714
-0.21568	-3.158705357
-0.215928	-3.158857143
-0.216253	-3.159919643
-0.216539	-3.160142857
-0.216978	-3.161348214
-0.217207	-3.162017857
-0.217513	-3.156580357
-0.217761	-3.158330357
-0.218086	-3.158910714
-0.218506	-3.159785714
-0.218792	-3.161017857
-0.219021	-3.1624375
-0.219346	-3.163580357
-0.219709	-3.1648125
-0.220014	-3.168008929
-0.220339	-3.169205357
-0.220568	-3.1706875
-0.220893	-3.171375
-0.221141	-3.172366071
-0.221618	-3.173366071
-0.221905	-3.175089286
-0.222153	-3.176428571
-0.22242	-3.170776786
-0.222764	-3.172669643
-0.223184	-3.173714286
-0.223413	-3.175580357
-0.223604	-3.175589286
-0.223776	-3.176366071
-0.224215	-3.178151786
-0.22454	-3.179366071
-0.224979	-3.187517857
-0.225284	-3.187732143
-0.225628	-3.187919643
-0.225838	-3.189526786
-0.226144	-3.19075
-0.226602	-3.192026786
-0.226774	-3.193785714
-0.227003	-3.195008929
-0.227308	-3.1898125
-0.227652	-3.191116071
-0.228034	-3.192803571
-0.228359	-3.194294643
-0.228626	-3.195866071
-0.228893	-3.197267857
-0.229084	-3.199428571
-0.229504	-3.201866071
-0.229963	-3.214276786
-0.230402	-3.214116071
-0.230402	-3.214776786
-0.23065	-3.215982143
-0.231013	-3.217660714
-0.231433	-3.218714286
-0.231643	-3.219285714
-0.232025	-3.220080357
-0.23212	-3.216205357
-0.232636	-3.218910714
-0.23298	-3.220107143
-0.233266	-3.221294643
-0.233591	-3.223651786
-0.233686	-3.224928571
-0.234163	-3.226803571
-0.234431	-3.228125
-0.234813	-3.235633929
-0.235194	-3.237357143
-0.235328	-3.238875
-0.235634	-3.239928571
-0.235977	-3.241642857
-0.236321	-3.2433125
-0.236627	-3.24475
-0.236913	-3.246142857
-0.23718	-3.242285714
-0.237562	-3.245491071
-0.237791	-3.247276786
-0.238192	-3.249
-0.238421	-3.251642857
-0.238708	-3.254446429
-0.239032	-3.255276786
-0.239262	-3.2575
-0.239701	-3.266553571
-0.240178	-3.267580357
-0.24035	-3.268839286
-0.240503	-3.271035714
-0.240827	-3.272955357
-0.241228	-3.274991071
-0.241515	-3.276982143
-0.242068	-3.278419643
-0.242088	-3.274080357
-0.242489	-3.276482143
-0.24289	-3.2791875
-0.242985	-3.281839286
-0.243386	-3.284348214
-0.243634	-3.287580357
-0.243997	-3.289285714
-0.244207	-3.292366071
-0.24457	-3.2993125
-0.244856	-3.301526786
-0.24541	-3.303008929
-0.245525	-3.305973214
-0.245868	-3.308571429
-0.246097	-3.310491071
-0.24646	-3.313107143
-0.246728	-3.315053571
-0.247148	-3.311392857
-0.247396	-3.314285714
-0.247682	-3.317205357
-0.24795	-3.319544643
-0.248465	-3.323339286
-0.248542	-3.327410714
-0.248904	-3.329785714
-0.249248	-3.332625
-0.24963	-3.346642857
-0.249935	-3.348098214
-0.250184	-3.349875
-0.250489	-3.352169643
-0.25089	-3.3550625
-0.251253	-3.356758929
-0.251558	-3.359741071
-0.251845	-3.362473214
-0.251998	-3.358517857
-0.252227	-3.360633929
-0.252704	-3.364982143
-0.252857	-3.368607143
-0.253392	-3.371428571
-0.253411	-3.373892857
-0.253754	-3.378446429
-0.254194	-3.3819375
-0.254537	-3.389901786
-0.254785	-3.392660714
-0.255091	-3.396267857
-0.255396	-3.3984375
-0.255683	-3.4008125
-0.25595	-3.404455357
-0.256275	-3.407964286
-0.256714	-3.410830357
-0.256962	-3.407616071
-0.257344	-3.412258929
-0.257554	-3.415392857
-0.257822	-3.419455357
-0.258146	-3.423232143
-0.258433	-3.426964286
-0.2587	-3.431758929
-0.259158	-3.435758929
-0.259464	-3.442321429
-0.259655	-3.4465
-0.259865	-3.449919643
-0.260285	-3.452848214
-0.260667	-3.456705357
-0.261029	-3.461428571
-0.261201	-3.464946429
-0.261488	-3.46875
-0.261812	-3.465857143
-0.26208	-3.470803571
-0.262461	-3.475214286
-0.262767	-3.479767857
-0.26313	-3.485142857
-0.263454	-3.489357143
-0.263569	-3.494232143
-0.263951	-3.498348214
-0.264295	-3.507901786
-0.264638	-3.512401786
-0.264886	-3.516401786
-0.26523	-3.521401786
-0.26544	-3.525848214
-0.265784	-3.5301875
-0.266185	-3.534464286
-0.26649	-3.539571429
-0.266815	-3.537107143
-0.267082	-3.542482143
-0.267369	-3.547294643
-0.267732	-3.551633929
-0.26798	-3.557285714
-0.268247	-3.562580357
-0.268724	-3.567607143
-0.268935	-3.572589286
-0.269374	-3.5891875
-0.269584	-3.594196429
-0.269794	-3.598830357
-0.270137	-3.603607143
-0.270367	-3.608276786
-0.270978	-3.614714286
-0.271264	-3.619964286
-0.27134	-3.625375
-0.271646	-3.624589286
-0.271932	-3.6306875
-0.2722	-3.635839286
-0.272562	-3.642803571
-0.272925	-3.648401786
-0.273403	-3.654196429
-0.273594	-3.660053571
-0.273804	-3.666267857
-0.274205	-3.677535714
-0.274567	-3.682098214
-0.274854	-3.687053571
-0.27514	-3.693321429
-0.275484	-3.699669643
-0.27577	-3.705375
-0.276076	-3.711589286
-0.276248	-3.7188125
-0.27663	-3.719330357
-0.276897	-3.725732143
-0.277298	-3.732866071
-0.277527	-3.739357143
-0.277794	-3.747705357
-0.278138	-3.754455357
-0.278425	-3.761241071
-0.278845	-3.767982143
-0.279303	-3.777928571
-0.279437	-3.784071429
-0.279799	-3.790982143
-0.280067	-3.798035714
-0.280315	-3.805116071
-0.28062	-3.812669643
-0.280907	-3.819919643
-0.281289	-3.8270625
-0.281518	-3.827857143
-0.281671	-3.836026786
-0.282167	-3.8439375
-0.282453	-3.851767857
-0.282778	-3.859410714
-0.283026	-3.866758929
-0.283523	-3.875758929
-0.283675	-3.883741071
-0.284115	-3.898116071
-0.284287	-3.905267857
-0.284592	-3.912383929
-0.284917	-3.920553571
-0.285337	-3.928625
-0.28568	-3.935946429
-0.285948	-3.944339286
-0.286139	-3.953285714
-0.286387	-3.954946429
-0.28675	-3.964267857
-0.287113	-3.973205357
-0.287437	-3.981517857
-0.287743	-3.990508929
-0.287838	-3.999776786
-0.28822	-4.007241071
-0.288659	-4.017571429
-0.288907	-4.036955357
-0.289289	-4.045044643
-0.289614	-4.053205357
-0.289843	-4.061651786
-0.290149	-4.072098214
-0.290454	-4.081080357
-0.29074	-4.089821429
-0.291161	-4.099214286
-0.291371	-4.1019375
-0.291791	-4.111767857
-0.292096	-4.121589286
-0.292421	-4.130776786
-0.292688	-4.140964286
-0.293032	-4.150892857
-0.293318	-4.161241071
-0.293528	-4.171580357
-0.293987	-4.186642857
-0.294254	-4.19575
-0.294521	-4.205526786
-0.294827	-4.215714286
-0.294903	-4.2259375
-0.29538	-4.235785714
-0.295762	-4.246705357
-0.296087	-4.256616071
-0.296603	-4.260830357
-0.296641	-4.2714375
-0.297042	-4.2828125
-0.29729	-4.293017857
-0.297404	-4.3038125
-0.297805	-4.314910714
-0.298187	-4.326080357
-0.298569	-4.337098214
-0.298741	-4.351321429
-0.299218	-4.362973214
-0.299371	-4.374419643
-0.299639	-4.385392857
-0.30002	-4.396973214
-0.300345	-4.408419643
-0.30067	-4.418955357
-0.300269	-4.2918125
-0.30004	-4.181303571
-0.299715	-4.075633929
-0.299409	-3.975089286
-0.299161	-3.878017857
-0.298913	-3.785044643
-0.298455	-3.691116071
-0.298187	-3.602991071
-0.297786	-3.517633929
-0.297481	-3.433901786
-0.297366	-3.352
-0.297004	-3.271910714
-0.296698	-3.193392857
-0.296221	-3.116651786
-0.296068	-3.047848214
-0.295781	-2.973232143
-0.29538	-2.899580357
-0.295132	-2.82675
-0.294655	-2.756910714
-0.294483	-2.687633929
-0.294139	-2.621330357
-0.293891	-2.553767857
-0.293605	-2.481705357
-0.293146	-2.417741071
-0.292898	-2.353955357
-0.292726	-2.290383929
-0.292383	-2.228241071
-0.292077	-2.166919643
-0.291638	-2.106839286
-0.291351	-2.047258929
-0.291313	-1.995455357
-0.290836	-1.935955357
-0.290473	-1.879285714
-0.290168	-1.822401786
-0.289939	-1.766580357
-0.289518	-1.711776786
-0.289213	-1.657267857
-0.288927	-1.603294643
-0.288468	-1.539232143
-0.288354	-1.488955357
-0.288029	-1.438044643
-0.287628	-1.387178571
-0.287323	-1.337294643
-0.287265	-1.286044643
-0.286902	-1.236955357
-0.286444	-1.189598214
-0.286043	-1.147607143
-0.285852	-1.100589286
-0.285604	-1.054071429
-0.285299	-1.007044643
-0.284878	-0.961321429
-0.284707	-0.915428571
-0.284306	-0.871785714
-0.284019	-0.826866071
-0.283695	-0.777591071
-0.283504	-0.734816071
-0.283045	-0.693027679
-0.282912	-0.650136607
-0.282473	-0.608871429
-0.282072	-0.56731875
-0.281842	-0.526865179
-0.281499	-0.486423214
-0.281136	-0.453316964
-0.280315	-0.335886607
-0.279971	-0.297251786
-0.279589	-0.2592
-0.279437	-0.222302679
-0.279246	-0.184983929
-0.278806	-0.144765179
-0.278444	-0.108952679
-0.278157	-0.072943036
-0.27789	-0.037597321
-0.277527	-0.003243321
-0.277298	0.031931964
-0.276897	0.066454375
-0.2764	0.098777679
-0.276439	0.126441071
-0.276057	0.160003571
-0.275637	0.193169643
-0.275236	0.225784821
-0.275083	0.258778571
-0.274816	0.290147321
-0.274586	0.321646429
-0.274186	0.353221429
-0.273765	0.389679464
-0.273422	0.420092857
-0.273193	0.4496875
-0.272925	0.479492857
-0.272696	0.508404464
-0.272448	0.5381375
-0.27199	0.566225
-0.271722	0.595090179
-0.27136	0.616311607
-0.271149	0.646285714
-0.270787	0.674435714
-0.270443	0.70195
-0.270137	0.728785714
-0.269813	0.756258036
-0.269603	0.781359821
-0.269259	0.808140179
-0.269011	0.844049107
-0.268572	0.868897321
-0.267598	0.942607143
-0.267426	0.9675625
-0.26714	0.991
-0.266681	1.014803571
-0.266319	1.032294643
-0.266223	1.05575
-0.265937	1.078142857
-0.265517	1.101116071
-0.26523	1.124660714
-0.264772	1.147321429
-0.264619	1.169089286
-0.264409	1.190035714
-0.264104	1.218017857
-0.263626	1.2390625
-0.263321	1.259526786
-0.263034	1.2801875
-0.262652	1.300660714
-0.262461	1.321901786
-0.262213	1.340821429
-0.261736	1.360830357
-0.261583	1.374276786
-0.261316	1.393651786
-0.261087	1.4129375
-0.26059	1.431883929
-0.260304	1.451633929
-0.260017	1.470455357
-0.259578	1.488223214
-0.259464	1.506491071
-0.25912	1.528821429
-0.258853	1.546866071
-0.258528	1.562633929
-0.25828	1.579732143
-0.257955	1.596991071
-0.257611	1.613625
-0.257363	1.630357143
-0.256924	1.647008929
-0.256599	1.657133929
-0.256256	1.673723214
-0.256046	1.690214286
-0.255683	1.705776786
-0.255454	1.72175
-0.255015	1.737107143
-0.254728	1.7520625
-0.254518	1.767008929
-0.254213	1.787633929
-0.253754	1.801705357
-0.25343	1.815964286
-0.253239	1.829928571
-0.252838	1.844116071
-0.252666	1.858035714
-0.25236	1.871464286
-0.252055	1.884017857
-0.251769	1.892
-0.25152	1.905598214
-0.250967	1.918991071
-0.250661	1.932419643
-0.250489	1.944839286
-0.250184	1.957196429
-0.249916	1.969794643
-0.24963	1.982526786
-0.249363	2.005723214
-0.248943	2.016616071
-0.248561	2.0283125
-0.248332	2.039107143
-0.24795	2.050883929
-0.247682	2.061366071
-0.247472	2.072375
-0.247129	2.083160714
-0.246842	2.086571429
-0.246479	2.097205357
-0.246155	2.1085625
-0.24583	2.119241071
-0.245544	2.129580357
-0.245295	2.140482143
-0.244894	2.149991071
-0.24457	2.1589375
-0.244322	2.174258929
-0.244016	2.183357143
-0.243615	2.193017857
-0.243443	2.202196429
-0.2431	2.210910714
-0.24266	2.219214286
-0.242431	2.228758929
-0.24203	2.237419643
-0.241801	2.239017857
-0.241496	2.248776786
-0.241267	2.256723214
-0.241018	2.265125
-0.240732	2.273651786
-0.240293	2.282955357
-0.240025	2.290446429
-0.23972	2.2983125
-0.23951	2.311723214
-0.239071	2.319294643
-0.238784	2.325767857
-0.238441	2.333044643
-0.238059	2.340285714
-0.237734	2.346794643
-0.237619	2.352553571
-0.237257	2.359875
-0.236951	2.360464286
-0.236646	2.367964286
-0.236226	2.374991071
-0.235939	2.381678571
-0.235672	2.388383929
-0.235252	2.394883929
-0.235175	2.400098214
-0.234774	2.406241071
-0.234488	2.418178571
-0.234182	2.423133929
-0.233858	2.4284375
-0.233552	2.434401786
-0.233056	2.44
-0.232903	2.4456875
-0.232579	2.450294643
-0.232368	2.455267857
-0.232082	2.454035714
-0.231643	2.460348214
-0.231337	2.465169643
-0.231166	2.469946429
-0.230784	2.4749375
-0.230497	2.480705357
-0.23023	2.484258929
-0.229848	2.489348214
-0.229447	2.505776786
-0.229142	2.508633929
-0.228817	2.5120625
-0.228569	2.516125
-0.228301	2.520196429
-0.228015	2.524651786
-0.227576	2.528392857
-0.227366	2.5323125
-0.226869	2.530026786
-0.226659	2.534625
-0.226373	2.538589286
-0.226125	2.542035714
-0.225838	2.545928571
-0.22538	2.550446429
-0.225227	2.554223214
-0.224826	2.556428571
-0.224731	2.566366071
-0.224291	2.568589286
-0.224005	2.571080357
-0.2237	2.574517857
-0.223413	2.577928571
-0.222878	2.580964286
-0.222878	2.582901786
-0.222344	2.586232143
-0.222153	2.582830357
-0.221752	2.586758929
-0.221561	2.589535714
-0.22116	2.592526786
-0.22095	2.595401786
-0.220664	2.598089286
-0.220186	2.600866071
-0.2199	2.603419643
-0.219747	2.6100625
-0.219441	2.611803571
-0.219155	2.613633929
-0.218659	2.616080357
-0.218353	2.618428571
-0.218067	2.620366071
-0.21778	2.622625
-0.21757	2.624776786
-0.217169	2.621044643
-0.216864	2.62375
-0.216539	2.625723214
-0.216138	2.627723214
-0.215985	2.629821429
-0.21568	2.631526786
-0.215336	2.633830357
-0.215012	2.635723214
-0.214859	2.643098214
-0.214649	2.644464286
-0.214019	2.645285714
-0.213904	2.646946429
-0.213465	2.648044643
-0.213198	2.650089286
-0.212988	2.650964286
-0.212682	2.653125
-0.212319	2.647776786
-0.21188	2.649410714
-0.211746	2.651723214
-0.211555	2.653285714
-0.211135	2.654508929
-0.21083	2.656392857
-0.21041	2.658169643
-0.210219	2.659419643
-0.209875	2.672071429
-0.209455	2.671991071
-0.209111	2.671553571
-0.208787	2.672428571
-0.208558	2.674
-0.208386	2.673669643
-0.208023	2.674303571
-0.207737	2.675169643
-0.207374	2.671205357
-0.207202	2.672473214
-0.206725	2.673098214
-0.206419	2.674723214
-0.206171	2.675392857
-0.205846	2.675455357
-0.205541	2.676098214
-0.205121	2.6774375
-0.204777	2.684428571
-0.204567	2.685008929
-0.204338	2.684866071
-0.204089	2.685473214
-0.203631	2.685026786
-0.203383	2.685526786
-0.202982	2.68575
-0.202829	2.686285714
-0.202505	2.680080357
-0.202046	2.681535714
-0.201817	2.682544643
-0.201569	2.683723214
-0.201321	2.684285714
-0.201034	2.685357143
-0.200557	2.685678571
-0.200156	2.685803571
-0.199908	2.689589286
-0.199736	2.69
-0.199488	2.690017857
-0.199087	2.690080357
-0.198743	2.690892857
-0.198323	2.690732143
-0.198189	2.691133929
-0.197788	2.691491071
-0.197464	2.685571429
-0.197082	2.6873125
-0.196853	2.687044643
-0.196604	2.6879375
-0.196337	2.687705357
-0.196089	2.688169643
-0.195631	2.688526786
-0.195344	2.6890625
-0.195039	2.695142857
-0.194638	2.694392857
-0.194428	2.694794643
-0.19416	2.694598214
-0.193797	2.694830357
-0.193435	2.6948125
-0.193225	2.694910714
-0.192843	2.695098214
-0.192595	2.688616071
-0.192384	2.689375
-0.192041	2.689508929
-0.191563	2.6901875
-0.191372	2.690839286
-0.191029	2.691553571
-0.190742	2.692267857
-0.190666	2.692571429
-0.190189	2.703258929
-0.189769	2.702151786
-0.189597	2.701732143
-0.189043	2.701116071
-0.188795	2.701196429
-0.188527	2.700321429
-0.188375	2.699875
-0.187897	2.700142857
-0.187706	2.693464286
-0.187458	2.692758929
-0.187095	2.693267857
-0.18658	2.694008929
-0.186351	2.695044643
-0.18616	2.694214286
-0.185969	2.694348214
-0.18553	2.694491071
-0.185186	2.700232143
-0.184785	2.699696429
-0.18467	2.699982143
-0.184155	2.6995
-0.18404	2.698785714
-0.183716	2.698633929
-0.183334	2.698482143
-0.182875	2.698508929
-0.182665	2.691776786
-0.182551	2.692883929
-0.182131	2.692205357
-0.181902	2.692866071
-0.181501	2.692928571
-0.181271	2.693008929
-0.180909	2.693991071
-0.180489	2.695035714
-0.180298	2.698303571
-0.180107	2.697178571
-0.179782	2.696482143
-0.179381	2.696160714
-0.179152	2.695794643
-0.178675	2.695625
-0.178312	2.695794643
-0.178121	2.695116071
-0.177758	2.689741071
-0.177376	2.691017857
-0.177166	2.690571429
-0.176918	2.690892857
-0.176651	2.690607143
-0.176383	2.6909375
-0.17604	2.690830357
-0.175581	2.690955357
-0.175352	2.696544643
-0.175028	2.695107143
-0.174894	2.695205357
-0.174531	2.695830357
-0.174302	2.695491071
-0.173863	2.695696429
-0.173462	2.695008929
-0.173042	2.694303571
-0.172927	2.688651786
-0.172583	2.689607143
-0.172259	2.689910714
-0.171934	2.690017857
-0.171858	2.690375
-0.171361	2.690178571
-0.171132	2.690392857
-0.170808	2.690419643
-0.17033	2.702026786
-0.170006	2.701008929
-0.169681	2.699419643
-0.16949	2.699419643
-0.169261	2.699035714
-0.168879	2.698517857
-0.168478	2.697633929
-0.168325	2.697455357
-0.167886	2.689696429
-0.167638	2.689973214
-0.167352	2.690205357
-0.167103	2.690169643
-0.166855	2.690330357
-0.166416	2.690330357
-0.166129	2.690830357
-0.165786	2.690473214
-0.165538	2.696151786
-0.165137	2.696196429
-0.164984	2.695732143
-0.16464	2.695339286
-0.164335	2.695339286
-0.163781	2.695973214
-0.163666	2.696419643
-0.163208	2.696598214
-0.163113	2.6898125
-0.16275	2.689964286
-0.162349	2.690276786
-0.162101	2.691089286
-0.161795	2.691053571
-0.161413	2.691464286
-0.161146	2.691508929
-0.160936	2.691410714
-0.160764	2.700151786
-0.160306	2.6990625
-0.159962	2.698794643
-0.159542	2.698723214
-0.159275	2.697821429
-0.158893	2.698508929
-0.158644	2.698232143
-0.158453	2.6985625
-0.158129	2.691232143
-0.157881	2.692026786
-0.15748	2.692044643
