-0.157251	1.3881875
-0.156888	1.388758929
-0.156678	1.389133929
-0.156296	1.388723214
-0.156028	1.389633929
-0.155608	1.39475
-0.155456	1.394285714
-0.155016	1.392571429
-0.154845	1.391678571
-0.154386	1.391767857
-0.154272	1.391973214
-0.153966	1.392276786
-0.153451	1.391839286
-0.153298	1.386071429
-0.152916	1.386196429
-0.152668	1.386214286
-0.152305	1.386741071
-0.152	1.386767857
-0.151637	1.387571429
-0.151503	1.387767857
-0.15114	1.3876875
-0.150835	1.397651786
-0.150377	1.395160714
-0.150071	1.395008929
-0.149689	1.394491071
-0.149555	1.394241071
-0.149135	1.393571429
-0.148792	1.392964286
-0.148543	1.392580357
-0.148276	1.3859375
-0.147971	1.386883929
-0.147608	1.386705357
-0.147207	1.387071429
-0.14692	1.387419643
-0.146653	1.388053571
-0.146424	1.3871875
-0.146157	1.387178571
-0.145851	1.392875
-0.145507	1.391758929
-0.145278	1.391098214
-0.144801	1.390464286
-0.144438	1.390946429
-0.144209	1.390767857
-0.143846	1.390142857
-0.143598	1.390035714
-0.143426	1.3844375
-0.142853	1.385125
-0.142662	1.386625
-0.142357	1.386625
-0.142051	1.386883929
-0.141822	1.387080357
-0.141593	1.3873125
-0.141288	1.387919643
-0.140982	1.390830357
-0.140543	1.389375
-0.140218	1.389241071
-0.139798	1.388464286
-0.139741	1.3885625
-0.139378	1.388482143
-0.138882	1.388482143
-0.13871	1.388973214
-0.138385	1.382732143
-0.138175	1.383642857
-0.137717	1.383723214
-0.137488	1.383955357
-0.137201	1.383946429
-0.136877	1.384401786
-0.136476	1.385089286
-0.136266	1.383928571
-0.135979	1.389571429
-0.135655	1.388544643
-0.135406	1.387964286
-0.134967	1.3875
-0.134604	1.387419643
-0.134203	1.388473214
-0.134051	1.388151786
-0.133688	1.387491071
-0.133459	1.382089286
-0.133115	1.382455357
-0.132905	1.382821429
-0.132561	1.382348214
-0.132389	1.382125
-0.131988	1.381767857
-0.131664	1.3819375
-0.13132	1.382348214
-0.130996	1.392241071
-0.130671	1.390973214
-0.130423	1.3900625
-0.130098	1.389767857
-0.129678	1.389098214
-0.129373	1.390241071
-0.129182	1.390026786
-0.128857	1.387857143
-0.128609	1.3819375
-0.128227	1.382419643
-0.127807	1.382151786
-0.127654	1.382276786
-0.127425	1.382401786
-0.127024	1.382991071
-0.126661	1.382232143
-0.126317	1.382098214
-0.126298	1.387383929
-0.125859	1.386223214
-0.125401	1.386080357
-0.125191	1.385035714
-0.124847	1.384776786
-0.12458	1.384732143
-0.124274	1.384410714
-0.123873	1.384892857
-0.123682	1.378723214
-0.123186	1.378848214
-0.122957	1.378696429
-0.122575	1.379116071
-0.122518	1.380205357
-0.122136	1.380642857
-0.121716	1.380535714
-0.121467	1.380848214
-0.1212	1.383473214
-0.120818	1.38275
-0.120455	1.3821875
-0.120207	1.380517857
-0.119883	1.380410714
-0.119672	1.380232143
-0.119252	1.3800625
-0.118909	1.379857143
-0.11866	1.373973214
-0.11824	1.375071429
-0.118088	1.374848214
-0.117782	1.375357143
-0.117648	1.375839286
-0.117037	1.375875
-0.116808	1.375089286
-0.116503	1.3751875
-0.116235	1.380401786
-0.115777	1.379473214
-0.115567	1.378848214
-0.115185	1.378526786
-0.114899	1.378053571
-0.114536	1.377633929
-0.114498	1.377383929
-0.114097	1.377116071
-0.113677	1.371098214
-0.113505	1.371196429
-0.113257	1.370964286
-0.112818	1.371008929
-0.112493	1.371696429
-0.112149	1.371571429
-0.112016	1.37125
-0.111672	1.371053571
-0.111214	1.380964286
-0.11087	1.378803571
-0.110622	1.378321429
-0.110469	1.377267857
-0.109972	1.376803571
-0.109762	1.376830357
-0.109381	1.376107143
-0.10917	1.375089286
-0.10875	1.368901786
-0.108521	1.3693125
-0.108235	1.369473214
-0.10791	1.369116071
-0.107509	1.369294643
-0.107318	1.368866071
-0.106956	1.368705357
-0.106745	1.368410714
-0.106325	1.373839286
-0.106192	1.372669643
-0.105657	1.372071429
-0.105371	1.370732143
-0.105122	1.371008929
-0.104989	1.370669643
-0.104511	1.370133929
-0.103977	1.369125
-0.103805	1.3626875
-0.103557	1.363482143
-0.103385	1.363482143
-0.102984	1.363517857
-0.102793	1.363410714
-0.102354	1.364098214
-0.102029	1.363392857
-0.101724	1.3630625
-0.101437	1.366544643
-0.101017	1.365776786
-0.100903	1.366223214
-0.10054	1.365410714
-0.100292	1.364883929
-0.0999096	1.363669643
-0.0995468	1.363375
-0.0993177	1.3631875
-0.0988976	1.356892857
-0.0987067	1.357276786
-0.0983821	1.357517857
-0.0981338	1.357
-0.0977901	1.357964286
-0.0974273	1.357303571
-0.0971791	1.357910714
-0.0968545	1.357455357
-0.0965299	1.362026786
-0.0962817	1.361491071
-0.0958043	1.360339286
-0.0956325	1.359616071
-0.0953269	1.359883929
-0.0949641	1.360107143
-0.0946395	1.358464286
-0.0942767	1.356732143
-0.0940476	1.3506875
-0.0937612	1.3515
-0.0934748	1.351723214
-0.0931884	1.351571429
-0.0928637	1.351491071
-0.092711	1.351758929
-0.0923291	1.351160714
-0.0920236	1.351008929
-0.0914126	1.361151786
-0.0911643	1.359339286
-0.0908397	1.357964286
-0.0907252	1.357276786
-0.0904196	1.356517857
-0.0899614	1.355892857
-0.0897895	1.3555
-0.0894267	1.354410714
-0.0891594	1.348178571
-0.0890066	1.348598214
-0.0884911	1.348785714
-0.0882047	1.348955357
-0.0878992	1.349044643
-0.08767	1.348142857
-0.0872499	1.3480625
-0.0871545	1.347232143
-0.0868299	1.352473214
-0.0864098	1.352607143
-0.0861616	1.351196429
-0.0857797	1.349696429
-0.0853405	1.35075
-0.0850732	1.349330357
-0.0846149	1.348580357
-0.0844049	1.348133929
-0.0841375	1.342044643
-0.0839848	1.3418125
-0.0836984	1.341491071
-0.0832783	1.341383929
-0.0829537	1.341696429
-0.08261	1.341758929
-0.0823427	1.341125
-0.0819417	1.340714286
-0.0817125	1.347473214
-0.0814643	1.346151786
-0.0812352	1.344508929
-0.0808533	1.344089286
-0.0805669	1.344017857
-0.080185	1.3433125
-0.0798795	1.342678571
-0.0794594	1.341821429
-0.0792684	1.335580357
-0.0790202	1.335875
-0.0786765	1.335910714
-0.0783328	1.335071429
-0.0780464	1.335875
-0.0778363	1.335928571
-0.0774354	1.335321429
-0.0772062	1.335026786
-0.076767	1.340785714
-0.0765952	1.340089286
-0.0762133	1.338946429
-0.0760415	1.339035714
-0.0756214	1.338491071
-0.0753922	1.336991071
-0.074934	1.335696429
-0.0745903	1.336017857
-0.0743229	1.33
-0.0741129	1.329839286
-0.0737692	1.329607143
-0.0734637	1.329482143
-0.0729672	1.329482143
-0.0728718	1.329107143
-0.072509	1.328848214
-0.0723562	1.328169643
-0.0719934	1.338508929
-0.0716497	1.336241071
-0.0712296	1.3338125
-0.0708096	1.333008929
-0.0705231	1.332991071
-0.0702749	1.333
-0.0699503	1.331410714
-0.0697021	1.330625
-0.0695111	1.324589286
-0.0691101	1.324607143
-0.0689383	1.324044643
-0.0685564	1.323723214
-0.0681554	1.323678571
-0.0679836	1.3234375
-0.067659	1.322794643
-0.0673343	1.322419643
-0.0669525	1.327276786
-0.0665706	1.326357143
-0.0663414	1.325482143
-0.0658832	1.324285714
-0.0656158	1.324232143
-0.065444	1.323607143
-0.0651194	1.322285714
-0.0647184	1.322651786
-0.0645847	1.316044643
-0.064241	1.316008929
-0.0639355	1.315678571
-0.0636682	1.315571429
-0.0632099	1.315892857
-0.0631144	1.315169643
-0.0629044	1.314821429
-0.0625798	1.315
-0.0621215	1.317821429
-0.0618733	1.317428571
-0.0614723	1.316276786
-0.0612241	1.316008929
-0.0607849	1.315491071
-0.0606131	1.315339286
-0.060193	1.314196429
-0.0598684	1.314169643
-0.059582	1.307794643
-0.0592955	1.3086875
-0.0590282	1.308196429
-0.05878	1.308214286
-0.0584363	1.3079375
-0.0580544	1.308080357
-0.0578062	1.307892857
-0.0574434	1.307669643
-0.057157	1.312803571
-0.0569469	1.3115625
-0.0564886	1.311803571
-0.0561831	1.311053571
-0.055744	1.31025
-0.055553	1.309571429
-0.0552666	1.307955357
-0.054751	1.307294643
-0.0546174	1.300794643
-0.0543882	1.300848214
-0.0540827	1.3014375
-0.0537581	1.3014375
-0.0534526	1.301160714
-0.0530898	1.301589286
-0.0528225	1.3018125
-0.0525552	1.301589286
-0.0522497	1.311857143
-0.0518869	1.308571429
-0.0514477	1.307517857
-0.0512567	1.306741071
-0.050913	1.306160714
-0.0505884	1.304883929
-0.0502638	1.304616071
-0.0499392	1.303357143
-0.0497101	1.296776786
-0.0494809	1.297910714
-0.0492327	1.297482143
-0.0487172	1.297508929
-0.0483162	1.297517857
-0.0482207	1.297508929
-0.0477243	1.296321429
-0.0474569	1.295446429
-0.0473042	1.300830357
-0.0468268	1.300294643
-0.046655	1.2996875
-0.0463113	1.298803571
-0.0459676	1.297580357
-0.0456429	1.297732143
-0.0453565	1.296964286
-0.0449555	1.296410714
-0.0448792	1.289866071
-0.0444782	1.29
-0.0442872	1.289821429
-0.0439435	1.290241071
-0.0435425	1.289535714
-0.0432179	1.289321429
-0.0429888	1.289357143
-0.0425114	1.288598214
-0.0421105	1.291678571
-0.0419768	1.290848214
-0.0418049	1.290705357
-0.041423	1.291008929
-0.0411175	1.289767857
-0.0408502	1.2890625
-0.0403919	1.288357143
-0.0401437	1.288285714
-0.0398191	1.282107143
-0.0395327	1.282142857
-0.0393227	1.281875
-0.0391699	1.281857143
-0.0387498	1.282991071
-0.0384061	1.282294643
-0.0381006	1.282508929
-0.0376423	1.281375
-0.0371459	1.286616071
-0.0371459	1.286
-0.0367831	1.284339286
-0.0364394	1.284160714
-0.0363248	1.284803571
-0.0358665	1.282946429
-0.0355992	1.2825625
-0.0352173	1.282526786
-0.0349882	1.275491071
-0.0348354	1.276125
-0.0344344	1.275419643
-0.0340144	1.275919643
-0.0339189	1.275803571
-0.033537	1.276107143
-0.0332697	1.275741071
-0.0328878	1.274875
-0.0324104	1.28425
-0.0321431	1.282580357
-0.0320094	1.281071429
-0.0316276	1.280955357
-0.0312075	1.2789375
-0.030902	1.277633929
-0.0305774	1.2771875
-0.0301955	1.2760625
-0.0301764	1.269276786
-0.0298709	1.269580357
-0.0294317	1.269642857
-0.0292025	1.269901786
-0.0288016	1.269473214
-0.0284579	1.268892857
-0.0282287	1.268526786
-0.027885	1.267758929
-0.0274458	1.272625
-0.0271021	1.271866071
-0.0269685	1.2715
-0.0267393	1.270419643
-0.0261665	1.269839286
-0.0259374	1.269285714
-0.0258037	1.266803571
-0.0253264	1.266205357
-0.0250781	1.259517857
-0.0248108	1.260973214
-0.0245626	1.260535714
-0.0240279	1.259544643
-0.0240088	1.259133929
-0.0235697	1.2585
-0.0233214	1.258178571
-0.0230541	1.2576875
-0.0226149	1.259491071
-0.0223285	1.259357143
-0.0220803	1.258794643
-0.0216793	1.257982143
-0.0215456	1.257401786
-0.0210874	1.256616071
-0.0206673	1.254616071
-0.02061	1.2535625
-0.0202472	1.247392857
-0.0200563	1.24725
-0.0195025	1.247276786
-0.0191397	1.247285714
-0.0189679	1.247348214
-0.0187578	1.246473214
-0.018395	1.245526786
-0.0179177	1.245419643
-0.0177267	1.250571429
-0.0174594	1.249267857
-0.0172112	1.2476875
-0.0168293	1.246285714
-0.0164856	1.245392857
-0.0160655	1.244642857
-0.0158936	1.243508929
-0.0155499	1.242464286
-0.0153017	1.236026786
-0.0150726	1.236107143
-0.0147098	1.235794643
-0.0143661	1.235017857
-0.0141179	1.234875
-0.0136787	1.234026786
-0.0133923	1.233330357
-0.0131058	1.232696429
-0.0127812	1.242303571
-0.0125903	1.239464286
-0.0121893	1.237767857
-0.0118074	1.236160714
-0.0114828	1.23475
-0.0112155	1.233625
-0.0107763	1.232169643
-0.0104517	1.230660714
-0.0103562	1.223696429
-0.0100507	1.223008929
-0.00971	1.222383929
-0.00934	1.221946429
-0.00915	1.221517857
-0.00887	1.220116071
-0.00858	1.219294643
-0.0081	1.218392857
-0.00778	1.223196429
-0.00728	1.221633929
-0.00726	1.219946429
-0.00686	1.218553571
-0.00667	1.217321429
-0.00638	1.215714286
-0.00608	1.213946429
-0.00575	1.213848214
-0.0052	1.206241071
-0.00507	1.206419643
-0.00472	1.204669643
-0.00438	1.204366071
-0.00425	1.203866071
-0.00381	1.202142857
-0.00358	1.201348214
-0.00316	1.2004375
-0.00278	1.215133929
-0.00253	1.211901786
-0.00226	1.209866071
-0.00192	1.207071429
-0.0015	1.204696429
-0.00121	1.203107143
-0.00104	1.201026786
-8.09E-4	1.199517857
-4.46E-4	1.191607143
-8.34E-5	1.191044643
2.79E-4	1.190098214
5.47E-4	1.1889375
7E-4	1.187428571
0.00108	1.186482143
0.00137	1.185125
0.00181	1.183696429
0.00206	1.188205357
0.0024	1.185178571
0.00265	1.183196429
0.00309	1.181982143
0.0033	1.180169643
0.00362	1.178758929
0.00393	1.176526786
0.00412	1.175133929
0.00448	1.167901786
0.00486	1.166892857
0.00519	1.165982143
0.00543	1.164946429
0.00572	1.164
0.00616	1.162339286
0.00643	1.160491071
0.0067	1.1594375
0.00696	1.167919643
0.00731	1.164392857
0.00746	1.162178571
0.00796	1.160151786
0.00818	1.158741071
0.0086	1.156178571
0.00881	1.154982143
0.00904	1.153008929
0.00941	1.144910714
0.00981	1.144232143
0.00994	1.142410714
0.0102277	1.141848214
0.0107051	1.140883929
0.0110106	1.139508929
0.0114115	1.137455357
0.0116216	1.135892857
0.0119271	1.139535714
0.0122899	1.137053571
0.0124427	1.134714286
0.0129009	1.132910714
0.0131682	1.130982143
0.0133401	1.129392857
0.0136838	1.127205357
0.0140084	1.124991071
0.0144285	1.117803571
0.0146194	1.116866071
0.0150968	1.115651786
0.0154023	1.113955357
0.0155933	1.111946429
0.0158415	1.110375
0.0162043	1.109008929
0.0165671	1.107571429
0.0167389	1.108455357
0.0172354	1.105553571
0.0175791	1.103276786
0.0178655	1.101133929
0.0181137	1.098785714
0.018362	1.096642857
0.0186675	1.094446429
0.0191067	1.092321429
0.0193549	1.083991071
0.0194694	1.082928571
0.0198895	1.081133929
0.0201187	1.079223214
0.0205006	1.077633929
0.0207488	1.074964286
0.0210734	1.072696429
0.0214553	1.070696429
0.0217226	1.073419643
0.022009	1.070375
0.0224482	1.067883929
0.0226582	1.065785714
0.0229447	1.063660714
0.0232502	1.0615
0.0235748	1.059151786
0.0239949	1.056633929
0.0242813	1.048714286
0.0245104	1.046160714
0.0247777	1.044276786
0.0251023	1.042339286
0.0253315	1.040375
0.0257325	1.038678571
0.0259425	1.036258929
0.0261907	1.034178571
0.0266681	1.041785714
0.0269736	1.037607143
0.0272791	1.0345625
0.0276992	1.031785714
0.0280429	1.028866071
0.0284248	1.026107143
0.0286348	1.0235625
0.0289976	1.020607143
0.0292268	1.012098214
0.0295132	1.011276786
0.029876	1.009446429
0.0300287	1.0074375
0.0304297	1.005053571
0.0305061	1.003464286
0.0310407	1.001401786
0.0312508	0.999428571
0.0315754	1.002107143
0.0320909	0.9985625
0.0322628	0.995071429
0.0324537	0.992526786
0.0328929	0.990767857
0.0330839	0.988526786
0.0332748	0.985785714
0.0336949	0.983392857
0.0340577	0.9745625
0.0344587	0.973732143
0.0346305	0.972205357
0.0349551	0.970294643
0.0351652	0.968892857
0.0356043	0.967
0.0360053	0.964973214
0.0363299	0.963508929
0.0364254	0.963160714
0.0367882	0.960821429
0.0371701	0.9579375
0.0373801	0.956142857
0.0376665	0.954678571
0.0381057	0.952303571
0.0384876	0.950026786
0.0386595	0.947419643
0.0390032	0.939410714
0.0394423	0.938598214
0.0396333	0.936973214
0.039977	0.935848214
0.0403398	0.934232143
0.0404544	0.932723214
0.0408171	0.931232143
0.041199	0.929803571
0.0416191	0.932830357
0.0417719	0.930276786
0.0420965	0.9276875
0.0423256	0.9255
0.0427075	0.923053571
0.0429557	0.921401786
0.0432422	0.919125
0.0435668	0.917160714
0.0438341	0.908991071
0.0441205	0.909357143
0.0444642	0.907098214
0.0448652	0.905875
0.0451325	0.904321429
0.0455144	0.903089286
0.045839	0.901133929
0.04603	0.899392857
0.0464882	0.907267857
0.0466601	0.903669643
0.0471756	0.901526786
0.0473666	0.899026786
0.0476339	0.896553571
0.0479012	0.894366071
0.0483404	0.892014286
0.0485695	0.89001875
0.0487987	0.88234375
0.0490278	0.881716071
0.0496388	0.8801625
0.0497725	0.879117857
0.0502499	0.877453571
0.0504217	0.875901786
0.0507081	0.874040179
0.0509182	0.872371429
0.0513	0.875875893
0.051701	0.873553571
0.0518538	0.87103125
0.0522166	0.869255357
0.0526367	0.867970536
0.0529422	0.865816071
0.0532668	0.863663393
0.0535723	0.862473214
0.0537823	0.854438393
0.0541451	0.854830357
0.054317	0.85335
0.0546798	0.852574107
0.0549471	0.850950893
0.0553099	0.849233036
0.055539	0.847611607
0.0558446	0.846375
0.0562264	0.847345536
0.0564747	0.845575893
0.0568375	0.8431875
0.0572957	0.842310714
0.0574485	0.840750893
0.0578686	0.83856875
0.0580595	0.837200893
0.0583268	0.836000893
0.0585369	0.828475
0.0588806	0.828067857
0.0593389	0.827985714
0.0596826	0.826777679
0.0600072	0.825403571
0.0603318	0.824780357
0.0606946	0.8232625
0.0608473	0.822013393
0.0611146	0.826059821
0.0614774	0.823107143
0.0617448	0.821301786
0.0620312	0.819530357
0.0623749	0.817888393
0.0627186	0.816416964
0.0630241	0.814797321
0.0633105	0.813070536
0.0637497	0.806747321
0.0639788	0.807372321
0.0642652	0.805890179
0.0645135	0.805042857
0.0648954	0.803607143
0.0651054	0.802370536
0.06543	0.801222321
0.0656782	0.800020536
0.0661174	0.808099107
0.0663656	0.805238393
0.066843	0.803101786
0.0670721	0.801075893
0.0674158	0.799572321
0.0677405	0.797641964
0.0679696	0.796088393
0.0682369	0.794717857
0.0685997	0.787490179
0.0689243	0.786977679
0.0689816	0.785946429
0.0693635	0.7848125
0.0697263	0.78398125
0.07007	0.78314375
0.070471	0.781969643
0.0707765	0.7805375
0.071082	0.784280357
0.0713111	0.781925893
0.0715785	0.780035714
0.0718076	0.778439286
0.0722277	0.777309821
0.0725523	0.775535714
0.0728387	0.773686607
0.0732397	0.77264375
0.0733924	0.766235714
0.073717	0.766551786
0.0741562	0.765357143
0.0745763	0.764977679
0.0746909	0.764295536
0.0751491	0.763454464
0.0753974	0.762079464
0.0756838	0.760927679
0.0759702	0.765471429
0.0763521	0.763467857
0.0765812	0.761974107
0.0768	0.760269643
0.0772	0.758973214
0.0775	0.75760625
0.0778	0.75619375
0.0783	0.754983036
0.0785	0.748066071
0.0786	0.748396429
0.0789	0.747625893
0.0792	0.747291964
0.0795	0.745853571
0.0799	0.744467857
0.0802	0.743745536
0.0806	0.743098214
0.0808	0.747310714
0.0811	0.745741964
0.0816	0.743471429
0.0816	0.742165179
0.082	0.741369643
0.0825	0.739608929
0.0826	0.7383875
0.0831	0.737505357
0.0833	0.731298214
0.0837	0.731707143
0.084	0.730484821
0.0842	0.7305375
0.0844	0.729197321
0.0848	0.728489286
0.0852	0.727339286
0.0855	0.727034821
0.0859	0.734753571
0.0862	0.731795536
0.0865	0.730316071
0.0866	0.728510714
0.0871	0.727329464
0.0874	0.725924107
0.0876	0.7244125
0.0878	0.723492857
0.0882	0.716966071
0.0887	0.717227679
0.0888	0.716485714
0.0891	0.71578125
0.0896	0.715572321
0.0898	0.715054464
0.09	0.714101786
0.0904	0.712967857
0.0909	0.716713393
0.0911	0.714684821
0.0913	0.712348214
0.0918	0.711657143
0.092	0.710573214
0.0921	0.709105357
0.0927	0.708390179
0.0929	0.707200893
0.0932	0.700783036
0.0935	0.7015625
0.0938	0.701277679
0.0941	0.701077679
0.0944	0.700478571
0.0948	0.700549107
0.095	0.699471429
0.0953	0.698346429
0.0955	0.700084821
0.096	0.698340179
0.0962	0.697515179
0.0968	0.697113393
0.096936	0.6957125
0.0972224	0.695022321
0.0975279	0.693569643
0.0977571	0.693036607
0.0980817	0.686880357
0.098349	0.687571429
0.0986545	0.68745
0.0989409	0.686874107
0.0992274	0.686630357
0.0997047	0.686466071
0.0998766	0.68505
0.100182	0.6846875
0.100545	0.688952679
0.100869	0.686990179
0.101099	0.685579464
0.101538	0.684353571
0.101805	0.683480357
0.102206	0.682848214
0.102473	0.681808929
0.102855	0.680677679
0.102836	0.674958929
0.103314	0.675585714
0.103505	0.675276786
0.103829	0.674982143
0.104192	0.674327679
0.104688	0.673878571
0.104975	0.672936607
0.105204	0.673170536
0.105414	0.68149375
0.1057	0.678144643
0.106235	0.676484821
0.106483	0.674686607
0.106712	0.673329464
0.106999	0.672441071
0.10719	0.671282143
0.107667	0.670482143
0.107934	0.664694643
0.10824	0.665642857
0.108622	0.665344643
0.108908	0.665085714
0.109195	0.664446429
0.109615	0.663823214
0.109806	0.663069643
0.11013	0.662611607
0.110455	0.666621429
0.110741	0.664347321
0.111047	0.663108929
0.111505	0.662848214
0.111734	0.661725893
0.111868	0.660409821
0.112326	0.659641964
0.112555	0.658936607
0.112861	0.652942857
0.113033	0.654098214
0.11351	0.6535
0.113739	0.653213393
0.114007	0.652819643
0.11435	0.653023214
0.114808	0.652282143
0.114999	0.651258929
0.115477	0.652788393
0.115725	0.652374107
0.11605	0.651124107
0.116221	0.650485714
0.116622	0.649870536
0.116813	0.6490625
0.117157	0.648358036
0.117444	0.647379464
0.117711	0.642659821
0.118112	0.643264286
0.118456	0.64331875
0.118799	0.643315179
0.119009	0.642802679
0.119429	0.64265
0.119754	0.642870536
0.12006	0.642175
0.120403	0.646319643
0.120728	0.64474375
0.121014	0.643633929
0.121129	0.642938393
0.121453	0.642178571
0.121854	0.640977679
0.122103	0.640288393
0.122465	0.639775893
0.122866	0.634422321
0.123134	0.635277679
0.123286	0.634851786
0.123649	0.634672321
0.124031	0.634641071
0.124337	0.634589286
0.124566	0.633746429
0.124852	0.633491071
0.1251	0.641738393
0.125406	0.638908929
0.12596	0.637405357
0.126246	0.635991071
0.126342	0.635358036
0.126743	0.63441875
0.126991	0.633371429
0.127335	0.632522321
0.12764	0.62668125
0.128003	0.627991964
0.128327	0.627677679
0.128366	0.627548214
0.128843	0.627232143
0.129263	0.626940179
0.129549	0.6264375
0.129721	0.6262875
0.130103	0.629466964
0.130428	0.628410714
0.130848	0.627369643
0.131077	0.626829464
0.131363	0.625885714
0.131688	0.625130357
0.132089	0.6244625
0.132242	0.624292857
0.13249	0.618328571
0.132967	0.619617857
0.133158	0.619455357
0.133483	0.619746429
0.133769	0.619736607
0.134209	0.619549107
0.13461	0.619415179
0.134667	0.619479464
0.134953	0.621123214
0.135469	0.619714286
0.135698	0.61891875
0.136023	0.618534821
0.136347	0.618139286
0.136519	0.617458929
0.13692	0.6170625
0.137321	0.616683929
0.137436	0.6109875
0.137875	0.612199107
0.13797	0.612250893
0.138448	0.613407143
0.138562	0.6129125
0.139173	0.612754464
0.13923	0.612084821
0.139631	0.61236875
0.139956	0.616275893
0.140281	0.614594643
0.140414	0.613527679
0.140968	0.613045536
0.141159	0.612424107
0.141522	0.611941964
0.141827	0.611136607
0.142056	0.611199107
0.142457	0.605958036
0.142744	0.606792857
0.14303	0.606764286
0.143221	0.607208929
0.14366	0.6068375
0.144061	0.607259821
0.144119	0.607316071
0.144577	0.607219643
0.144997	0.615244643
0.145245	0.612772321
0.145436	0.611339286
0.145818	0.61035
0.146124	0.609295536
0.146295	0.608505357
0.146735	0.607729464
0.147155	0.607232143
0.147422	0.601973214
0.147594	0.602889286
0.148033	0.603203571
0.148167	0.603177679
0.148587	0.602663393
0.148988	0.60280625
0.149198	0.601959821
0.149408	0.601621429
0.149923	0.606104464
0.150057	0.604667857
0.150515	0.603669643
0.150725	0.60295
0.15105	0.602632143
0.151451	0.602502679
0.151661	0.601364286
0.152005	0.6013875
0.152348	0.596166964
0.152692	0.597173214
0.152902	0.597274107
0.153169	0.596933036
0.153494	0.597191071
0.153857	0.597760714
0.154105	0.597491071
0.154391	0.597605357
0.154792	0.602736607
0.155022	0.601266964
0.155404	0.600215179
0.155747	0.599666964
0.156053	0.599007143
0.156282	0.598236607
0.15674	0.59815
0.156874	0.597015179
0.157237	0.592413393
0.157599	0.593798214
0.157924	0.594286607
0.158172	0.594359821
0.158401	0.594369643
0.158764	0.594314286
0.158955	0.59425
0.159375	0.594358929
0.159719	0.598148214
0.159929	0.596541964
0.160273	0.595728571
0.160655	0.595361607
0.160979	0.595065179
0.161189	0.594544643
0.161571	0.59356875
0.161953	0.593713393
0.162068	0.58866875
0.162526	0.589949107
0.162812	0.590494643
0.163003	0.59086875
0.163519	0.590858929
0.163633	0.590598214
0.164034	0.590979464
0.164321	0.591155357
0.164779	0.598865179
0.164893	0.595891071
0.165218	0.595
0.165562	0.593703571
0.165944	0.593465179
0.166039	0.592733036
0.166459	0.59214375
0.166956	0.592102679
0.167013	0.586976786
0.167242	0.5884875
0.167834	0.588698214
0.168044	0.589209821
0.168331	0.589022321
0.168674	0.588727679
0.169094	0.588946429
0.169343	0.588544643
0.169705	0.591948214
0.169954	0.591326786
0.170221	0.59015625
0.170393	0.589958036
0.170775	0.5897375
0.171137	0.589609821
0.1715	0.589020536
0.171768	0.588701786
0.172016	0.583720536
0.172245	0.585555357
0.172569	0.585583036
0.173009	0.586102679
0.173371	0.586120536
0.173601	0.58633125
0.17383	0.586078571
0.174173	0.585901786
0.174422	0.587871429
0.174765	0.587686607
0.175224	0.586972321
0.175434	0.586605357
0.175644	0.586677679
0.176083	0.585965179
0.176465	0.586025893
0.176618	0.586208036
0.176999	0.581182143
0.177152	0.582852679
0.177458	0.583425893
0.177821	0.583875
0.178221	0.584269643
0.178603	0.584296429
0.17868	0.584247321
0.179043	0.58430625
0.179386	0.588067857
0.179749	0.586858929
0.18015	0.586222321
0.18036	0.585939286
0.180646	0.585504464
0.181028	0.585475893
0.181124	0.585192857
0.181659	0.58571875
0.181907	0.580876786
0.18225	0.582391071
0.182403	0.582775893
0.182632	0.5831625
0.183071	0.583409821
0.183358	0.583885714
0.183702	0.583895536
0.183931	0.584033036
0.184274	0.591889286
0.184752	0.588834821
0.184962	0.58788125
0.185306	0.587439286
0.185573	0.587020536
0.185802	0.586700893
0.186298	0.586752679
0.186489	0.586429464
0.186757	0.581761607
0.187062	0.583057143
0.187406	0.583450893
0.187711	0.583163393
0.187807	0.583396429
0.188227	0.583523214
0.188552	0.583271429
0.188857	0.583573214
0.189277	0.587199107
0.189774	0.585946429
0.19006	0.585342857
0.190194	0.585491964
0.190537	0.584991964
0.190862	0.584769643
0.191168	0.584765179
0.19153	0.584941071
0.191721	0.580165179
0.191931	0.582110714
0.192371	0.582091071
0.192714	0.582492857
0.192886	0.582935714
0.19323	0.583158929
0.193535	0.583213393
0.193917	0.583548214
0.194261	0.585905357
0.194337	0.585426786
0.194834	0.585194643
0.195044	0.5847375
0.195368	0.585066071
0.195846	0.585936607
0.196037	0.584889286
0.196361	0.58505
0.19661	0.579955357
0.196858	0.581653571
0.197201	0.5826625
0.197526	0.582833929
0.197889	0.583398214
0.198042	0.583633036
0.198538	0.584059821
0.19871	0.58415625
0.199168	0.588124107
0.199397	0.587080357
0.199569	0.586396429
0.200008	0.586691964
0.20039	0.58618125
0.200734	0.586291964
0.201039	0.586251786
0.201154	0.586449107
0.201517	0.581269643
0.201899	0.5834
0.202032	0.58374375
0.202472	0.584522321
0.202643	0.584532143
0.203044	0.585510714
0.203445	0.585280357
0.203732	0.585146429
0.204076	0.593441964
0.204438	0.590938393
0.204629	0.589755357
0.205011	0.589145536
0.205259	0.588854464
0.205508	0.588672321
0.205832	0.588457143
0.206252	0.588355357
0.206539	0.584071429
0.206978	0.585704464
0.207322	0.586520536
0.207398	0.587004464
0.207684	0.587284821
0.207894	0.588573214
0.208314	0.588160714
0.208429	0.587771429
0.209021	0.59168125
0.209346	0.590985714
0.209651	0.590605357
0.209957	0.590154464
0.210243	0.590633929
0.21051	0.590940179
0.210701	0.590127679
0.211255	0.590661607
0.211541	0.586607143
0.211752	0.58820625
0.212133	0.5886625
0.212267	0.589375893
0.212668	0.590039286
0.212954	0.590267857
0.213279	0.59060625
0.21368	0.591550893
0.213871	0.59328125
0.214406	0.592776786
0.214616	0.592442857
0.214845	0.592709821
0.215227	0.593034821
0.215437	0.592914286
0.21578	0.592939286
0.215952	0.593078571
0.216315	0.58913125
0.216831	0.5903875
0.216964	0.591270536
0.217289	0.591678571
0.217652	0.592376786
0.217843	0.59285625
0.218129	0.593297321
0.218549	0.593763393
0.218931	0.597386607
0.219046	0.596561607
0.21937	0.595945536
0.21958	0.596092857
0.220058	0.596585714
0.220401	0.596016071
0.22084	0.596190179
0.220993	0.596957143
0.221241	0.592354464
0.221681	0.593989286
0.221738	0.59494375
0.222177	0.595669643
0.222406	0.596517857
0.222788	0.596601786
0.223151	0.596627679
0.223476	0.596771429
0.223666	0.6048125
0.223991	0.602182143
0.224392	0.601736607
0.224698	0.601271429
0.225022	0.600841071
0.22529	0.600824107
0.225595	0.600829464
0.225996	0.6009875
0.226149	0.596220536
0.226473	0.598389286
0.226817	0.598830357
0.227161	0.599688393
0.227333	0.600359821
0.227619	0.601069643
0.228001	0.601033929
0.228421	0.601565179
0.228784	0.605917857
0.229013	0.604433929
0.229223	0.604385714
0.229548	0.604863393
0.229949	0.605277679
0.230292	0.604785714
0.230445	0.605002679
0.230693	0.605470536
0.231075	0.600749107
0.2314	0.602753571
0.231724	0.603708036
0.232011	0.604194643
0.23224	0.604891964
0.232679	0.605244643
0.232946	0.605689286
0.233252	0.605920536
0.233615	0.611265179
0.233806	0.6101125
0.234188	0.609395536
0.234474	0.609300893
0.234741	0.610209821
0.23518	0.609810714
0.235219	0.610075
0.235734	0.610241071
0.235925	0.605976786
0.236364	0.607941964
0.236593	0.608625
0.236899	0.60946875
0.237147	0.610167857
0.237567	0.61059375
0.237968	0.611140179
0.238236	0.611446429
0.238522	0.6159625
0.238808	0.614626786
0.23919	0.614341964
0.239458	0.614541071
0.239878	0.615241071
0.240126	0.615060714
0.240374	0.615325
0.240661	0.61586875
0.240909	0.611666071
0.241195	0.613736607
0.241577	0.614892857
0.242016	0.615241964
0.242341	0.616128571
0.242456	0.616674107
0.242837	0.616652679
0.243143	0.617280357
0.243525	0.625108929
0.24383	0.6230875
0.244136	0.622200893
0.244289	0.621909821
0.24469	0.621861607
0.244957	0.622239286
0.245301	0.622338393
0.245778	0.622341964
0.24595	0.618895536
0.246179	0.620807143
0.246427	0.621658036
0.246847	0.6224
0.247153	0.622929464
0.247363	0.623558036
0.247726	0.6238
0.248031	0.623983036
0.248451	0.62858125
0.248699	0.627516964
0.249177	0.627200893
0.249253	0.627501786
0.249654	0.627764286
0.249902	0.628576786
0.250303	0.628355357
0.250628	0.6281375
0.250819	0.624584821
0.251315	0.625870536
0.25164	0.627283929
0.251678	0.628545536
0.252098	0.629010714
0.252327	0.629902679
0.252614	0.630104464
0.252958	0.630713393
0.253206	0.633652679
0.253626	0.633005357
0.253779	0.633322321
0.254256	0.6333125
0.254485	0.633758036
0.254829	0.634279464
0.25502	0.634820536
0.255344	0.634957143
0.255688	0.630938393
0.255955	0.632949107
0.256337	0.634072321
0.256776	0.634782143
0.257063	0.635748214
0.257387	0.636465179
0.257407	0.637114286
0.257769	0.637653571
0.258189	0.641960714
0.258514	0.64089375
0.258743	0.640805357
0.259182	0.640866964
0.259469	0.641275
0.259622	0.641521429
0.26008	0.641591964
0.260595	0.642501786
0.260557	0.638757143
0.261092	0.640763393
0.261264	0.64160625
0.261531	0.642791964
0.261779	0.643819643
0.262123	0.644608929
0.262486	0.645102679
0.262734	0.6455
0.263078	0.653891071
0.26346	0.651676786
0.263631	0.651058036
0.264013	0.650974107
0.264376	0.651483036
0.264739	0.651374107
0.264987	0.651809821
0.26535	0.651704464
0.265655	0.647788393
0.265942	0.650072321
0.266362	0.650519643
0.26661	0.650821429
0.266897	0.652027679
0.267278	0.652972321
0.267469	0.652890179
0.267775	0.653885714
0.268157	0.658332143
0.268386	0.657501786
0.268711	0.657451786
0.269092	0.657457143
0.269322	0.657383036
0.269627	0.6581625
0.269933	0.658228571
0.2702	0.658874107
0.270525	0.654870536
0.270887	0.656822321
0.271078	0.658051786
0.271288	0.659652679
0.271689	0.660291071
0.27209	0.660703571
0.272434	0.661516071
0.272778	0.662234821
0.272911	0.6646375
0.273255	0.664484821
0.273503	0.664732143
0.273942	0.665083036
0.274458	0.665791964
0.274553	0.66639375
0.274935	0.667126786
0.275145	0.667263393
0.275546	0.663280357
0.275814	0.665783929
0.275947	0.667169643
0.276329	0.667791071
0.276654	0.66904375
0.27694	0.670050893
0.277246	0.670021429
0.277666	0.671088393
0.277971	0.67524375
0.278201	0.674589286
0.278525	0.674369643
0.278792	0.674814286
0.279022	0.675542857
0.279537	0.675690179
0.279709	0.676120536
0.280072	0.6774125
0.280492	0.673800893
0.280606	0.675339286
0.28095	0.676225893
0.281332	0.677514286
0.281599	0.678266071
0.281867	0.678714286
0.282191	0.679295536
0.282497	0.680195536
0.282745	0.688116964
0.283127	0.686002679
0.28349	0.685667857
0.283776	0.685710714
0.284101	0.685878571
0.284406	0.686475
0.284826	0.686373214
0.28496	0.687016964
0.28538	0.682980357
0.285571	0.685219643
0.285972	0.686294643
0.286297	0.68723125
0.286583	0.6884375
0.286869	0.689233929
0.287099	0.689204464
0.287595	0.690615179
0.28792	0.69475625
0.288034	0.693892857
0.288244	0.694147321
0.288683	0.694674107
0.288855	0.694901786
0.289275	0.69549375
0.289676	0.695428571
0.289886	0.696669643
0.290268	0.692375
0.290612	0.694522321
0.290917	0.695970536
0.291147	0.696880357
0.291567	0.698423214
0.291758	0.698391071
0.292216	0.699113393
0.29256	0.699590179
0.292731	0.702389286
0.292903	0.702303571
0.293285	0.703033036
0.29361	0.703233929
0.293992	0.703978571
0.294202	0.704408929
0.294507	0.705379464
0.29487	0.706247321
0.295214	0.702083929
0.295328	0.704167857
0.295672	0.705899107
0.29613	0.706936607
0.296398	0.707954464
0.29676	0.708415179
0.297085	0.709197321
0.297276	0.709896429
0.297601	0.7145625
0.29783	0.713466071
0.298135	0.713555357
0.298441	0.714326786
0.298708	0.71515625
0.299147	0.715533929
0.299472	0.716132143
0.299777	0.71689375
0.300006	0.71255
0.300407	0.715567857
0.300637	0.717216071
0.300923	0.717755357
0.301286	0.718939286
0.301496	0.719475
0.301954	0.720196429
0.302202	0.720809821
0.302718	0.729371429
0.30289	0.727326786
0.303233	0.7270625
0.303482	0.727126786
0.303692	0.727271429
0.30415	0.728378571
0.304475	0.728589286
0.304933	0.728730357
0.304952	0.7249875
0.305219	0.72735625
0.305582	0.728671429
0.305964	0.728641964
0.306231	0.729998214
0.306575	0.730689286
0.306881	0.73146875
0.307281	0.732357143
0.307511	0.737295536
0.307778	0.736323214
0.308122	0.736273214
0.30837	0.737369643
0.308809	0.738065179
0.309115	0.738583036
0.309267	0.738507143
0.30963	0.739922321
0.309917	0.735666964
0.310222	0.7379125
0.310661	0.739235714
0.31089	0.740722321
0.311081	0.741321429
0.311425	0.742823214
0.311845	0.744147321
0.312055	0.744454464
0.312571	0.751336607
0.312762	0.749777679
0.312991	0.749966071
0.313334	0.750254464
0.313525	0.750852679
0.314041	0.751326786
0.314442	0.751913393
0.314576	0.75250625
0.314862	0.748570536
0.315282	0.75045625
0.315645	0.7518
0.315836	0.75264375
0.31618	0.754032143
0.316409	0.75494375
0.316676	0.755594643
0.316982	0.756323214
0.317268	0.760979464
0.317535	0.760139286
0.318032	0.760346429
0.318242	0.761258929
0.318433	0.76163125
0.318891	0.761871429
0.319139	0.762833036
0.31954	0.763719643
0.31975	0.75970625
0.320056	0.76149375
0.320514	0.763383036
0.320648	0.764291071
0.320972	0.765550893
0.321392	0.766290179
0.321622	0.767133036
0.322099	0.768072321
0.322137	0.776688393
0.322576	0.774598214
0.322824	0.774258036
0.323264	0.774532143
0.323455	0.775032143
0.323817	0.775379464
0.32418	0.776249107
0.324448	0.776573214
0.324906	0.77278125
0.324982	0.775060714
0.325288	0.776388393
0.32565	0.777546429
0.326071	0.779089286
0.326338	0.779845536
0.326605	0.780325
0.326853	0.781102679
0.327273	0.785907143
0.32756	0.785805357
0.327865	0.786139286
0.328133	0.786766964
0.328457	0.787560714
0.328782	0.787967857
0.329164	0.7884875
0.329278	0.789125
0.329718	0.785201786
0.330061	0.787958929
0.330252	0.788996429
0.330672	0.789849107
0.330711	0.791400893
0.331188	0.792457143
0.331608	0.793392857
0.331799	0.794171429
0.332162	0.797150893
0.332391	0.797150893
0.332754	0.797448214
0.332906	0.798208929
0.333326	0.799378571
0.333842	0.800019643
0.333957	0.801336607
0.334319	0.801986607
0.33451	0.798288393
0.334892	0.800309821
0.335331	0.80198125
0.335656	0.803120536
0.335732	0.804296429
0.336057	0.805283929
0.336496	0.806203571
0.336687	0.807076786
0.337203	0.812001786
0.337336	0.811614286
0.337775	0.812060714
0.338005	0.81244375
0.338425	0.813194643
0.338692	0.8138625
0.338959	0.814651786
0.33915	0.8161625
0.339475	0.812054464
0.339761	0.815208929
0.340086	0.815814286
0.340525	0.817750893
0.340601	0.818380357
0.340907	0.819483036
0.341232	0.820480357
0.341728	0.821307143
0.342034	0.829475
0.34232	0.828259821
0.34274	0.828100893
0.342893	0.827986607
0.34337	0.828945536
0.343657	0.829476786
0.343924	0.830013393
0.34421	0.830952679
0.344439	0.826530357
0.34465	0.829360714
0.344879	0.830257143
0.345394	0.832070536
0.345585	0.83303125
0.345891	0.834242857
0.346177	0.835073214
0.346559	0.83639375
0.346884	0.841260714
0.347246	0.840995536
0.347533	0.840930357
0.347857	0.841623214
0.348087	0.842179464
0.348488	0.843023214
0.348793	0.843685714
0.349251	0.844951786
0.349442	0.840889286
0.349652	0.843772321
0.349977	0.844899107
0.350263	0.846130357
0.350473	0.847919643
0.35097	0.849466071
0.351199	0.850239286
0.351447	0.850440179
0.351715	0.853796429
0.352058	0.853738393
0.352459	0.854690179
0.352803	0.855391964
0.353166	0.856399107
0.353433	0.857336607
0.353662	0.858009821
0.354006	0.858795536
0.354273	0.855246429
0.354617	0.857528571
0.354903	0.859411607
0.355113	0.860753571
0.355438	0.86218125
0.355877	0.863454464
0.356106	0.864077679
0.356297	0.865352679
0.356717	0.87050625
0.356985	0.869671429
0.357443	0.870460714
0.357787	0.870958929
0.357997	0.871914286
0.358245	0.872875893
0.358608	0.874099107
0.358837	0.875524107
0.359295	0.8716625
0.359505	0.874759821
0.359677	0.876041071
0.360154	0.877091964
0.360555	0.878226786
0.36067	0.879598214
0.361185	0.880217857
0.361281	0.881398214
0.361796	0.890309821
0.361892	0.888400893
0.36235	0.888898214
0.362579	0.889011607
0.362942	0.889889286
0.363267	0.890926786
0.363419	0.891759821
0.363744	0.892558036
0.364107	0.888896429
0.36447	0.891900893
0.364756	0.893767857
0.365157	0.894776786
0.365443	0.8958125
0.365615	0.896946429
0.366035	0.898080357
0.36636	0.899758929
0.366551	0.9049375
0.367028	0.904544643
0.367257	0.905401786
0.36741	0.906392857
0.367754	0.907133929
0.368231	0.907160714
0.368537	0.9089375
0.368785	0.9100625
0.36911	0.905758929
0.369358	0.908910714
0.369759	0.910339286
0.370064	0.912285714
0.370293	0.912857143
0.370714	0.914455357
0.370809	0.915946429
0.371363	0.916714286
0.371554	0.9201875
0.371878	0.920098214
0.372165	0.920625
0.372585	0.921830357
0.372833	0.923553571
0.3731	0.924508929
0.37352	0.924839286
0.373788	0.926455357
0.374132	0.9229375
0.374303	0.926133929
0.374628	0.927178571
0.374838	0.929044643
0.375258	0.930553571
0.375392	0.931767857
0.375678	0.933330357
0.376022	0.934723214
0.376423	0.940116071
0.376824	0.940142857
0.377129	0.940839286
0.377473	0.941839286
0.377721	0.942267857
0.378046	0.943616071
0.378351	0.944714286
0.378542	0.945821429
0.378848	0.941901786
0.379115	0.945089286
0.379402	0.946321429
0.379822	0.948
0.380127	0.949723214
0.380337	0.951964286
0.380738	0.952732143
0.380986	0.953785714
0.381311	0.9639375
0.381712	0.962366071
0.381979	0.962473214
0.382285	0.963383929
0.382762	0.963875
0.382839	0.964705357
0.38324	0.965669643
0.383621	0.967839286
0.383736	0.963491071
0.384003	0.966473214
0.384481	0.968169643
0.38471	0.970732143
0.385054	0.972107143
0.385168	0.973482143
0.385684	0.974696429
0.385913	0.975866071
0.386371	0.981866071
0.386677	0.982285714
0.386963	0.982366071
0.387211	0.983223214
0.387536	0.984410714
0.387899	0.985991071
0.388261	0.986785714
0.388662	0.987678571
0.388701	0.984651786
0.388968	0.987464286
0.389293	0.989892857
0.38977	0.991392857
0.389885	0.993392857
0.390305	0.994821429
0.390648	0.996017857
0.39082	0.997651786
0.391068	1.004241071
0.391603	1.003785714
0.391775	1.004857143
0.392195	1.005696429
0.392443	1.007464286
0.392901	1.008535714
0.393092	1.009946429
0.393341	1.011553571
0.393474	1.007857143
0.393971	1.011223214
0.394334	1.013366071
0.394505	1.016017857
0.395002	1.01725
0.39525	1.0190625
0.395632	1.020571429
0.395766	1.022232143
0.396109	1.028294643
0.396548	1.028053571
0.396873	1.0293125
0.397083	1.030151786
0.397522	1.032375
0.397713	1.032973214
0.398057	1.034973214
0.398324	1.036107143
0.398592	1.032482143
0.398897	1.036205357
0.399126	1.038125
0.399451	1.040035714
0.399164	0.9349375
0.398802	0.868745536
0.39863	0.816544643
0.398229	0.777633929
0.397885	0.738315179
0.397713	0.705155357
0.39735	0.676216964
0.397102	0.648783929
0.396873	0.624686607
0.396453	0.602284821
0.396109	0.581735714
0.395842	0.558166964
0.395575	0.542349107
0.395097	0.526282143
0.394773	0.510845536
0.394601	0.49693125
0.394295	0.482416964
0.394085	0.469358929
0.39357	0.457109821
0.393341	0.450023214
0.392806	0.426082143
0.392558	0.414428571
0.392176	0.40329375
0.391947	0.394028571
0.391488	0.38394375
0.391317	0.374547321
0.390801	0.360915179
0.390591	0.35366875
0.390266	0.346248214
0.389885	0.338107143
0.38977	0.330878571
0.38935	0.323672321
0.38914	0.316726786
0.388853	0.308248214
0.388624	0.306375893
0.388223	0.298040179
0.387899	0.290932143
0.387536	0.283728571
0.387288	0.276751786
0.386868	0.270419643
0.386619	0.263807143
0.386314	0.258127679
0.385856	0.248177679
0.385607	0.2439875
0.385474	0.239838393
0.385187	0.23395
0.384824	0.228536607
0.384481	0.223698214
0.384233	0.218930357
0.383812	0.213571429
0.383507	0.213516964
0.38345	0.207141964
0.382934	0.20144375
0.382686	0.1961
0.382247	0.191028571
0.381979	0.1865
0.381655	0.182667857
0.381387	0.177423214
0.380986	0.164608036
0.380757	0.163424107
0.380566	0.161069643
0.379994	0.157226786
0.379803	0.152966071
0.379478	0.149801786
0.379096	0.146616964
0.37881	0.142599107
0.378523	0.143769643
0.378218	0.138415179
0.378141	0.13419375
0.377798	0.130615179
0.377416	0.126899107
0.377091	0.122971429
0.376709	0.119388393
0.376404	0.115969643
0.376117	0.108470536
0.375907	0.106219643
0.375544	0.103677679
0.375277	0.101096429
0.374876	0.097577679
0.374571	0.094596429
0.374227	0.092783036
0.373864	0.088361339
0.373769	0.090635714
0.373425	0.085771071
0.37312	0.081821607
0.372814	0.078640089
0.372375	0.075833929
0.372012	0.072208393
0.37184	0.069344732
0.371535	0.065807768
0.371267	0.061729286
0.370943	0.059617679
0.370599	0.057222232
0.370408	0.054115268
0.369893	0.051795268
0.369625	0.049029018
0.369205	0.046659464
0.369071	0.044733304
0.368804	0.046950625
0.368441	0.042106875
0.368059	0.039555536
0.367735	0.035766339
0.367563	0.0335275
0.367257	0.030723929
0.36699	0.028490089
0.366723	0.025821429
0.366245	0.019683125
0.366016	0.018466607
0.365673	0.017026339
0.365329	0.015002946
0.364928	0.012790446
0.364794	0.010486518
0.364451	0.008815491
0.364298	0.00640917
0.364088	0.008673813
0.363553	0.005086563
0.363381	0.002702839
0.36298	-2.18414E-4
0.362617	-0.00217808
0.362331	-0.004388857
0.361835	-0.006725991
0.361796	-0.008702821
0.361338	-0.018514732
0.361071	-0.017664196
0.360784	-0.018130089
0.360479	-0.019380268
0.360288	-0.020602411
0.359753	-0.022278571
0.359543	-0.024185446
0.359161	-0.026153393
0.358894	-0.022609196
0.358722	-0.02613375
0.358417	-0.028557321
0.358149	-0.030539286
0.357634	-0.032484107
0.357405	-0.034752589
0.356985	-0.03652875
0.356755	-0.038125089
0.356316	-0.044228482
0.356087	-0.044568036
0.355896	-0.046026518
0.355629	-0.047774911
0.355285	-0.049260357
0.354865	-0.051012054
0.354636	-0.052450982
0.354292	-0.053325982
0.353929	-0.050254643
0.353662	-0.053918393
0.353318	-0.055572321
0.353166	-0.05801125
0.35265	-0.059746339
0.352345	-0.061918036
0.352115	-0.063426339
0.351963	-0.064641786
0.351581	-0.067927857
0.351199	-0.069048125
0.350855	-0.070437589
0.350683	-0.071504107
0.350225	-0.073115446
0.349996	-0.074832946
0.349671	-0.076011607
0.349347	-0.077633482
0.349194	-0.074455179
0.34885	-0.078049196
0.348507	-0.08018125
0.348087	-0.081823482
0.347762	-0.08337
0.347609	-0.084899018
0.347246	-0.086250089
0.347017	-0.088201429
0.346635	-0.09326875
0.346139	-0.093633929
0.346005	-0.093992857
0.345623	-0.09505
0.345394	-0.096405357
0.345012	-0.09734375
0.344745	-0.098423214
0.344382	-0.099929464
0.344153	-0.096383036
0.343943	-0.099615179
0.343523	-0.101345536
0.343256	-0.1029875
0.342816	-0.104276786
0.342606	-0.106140179
0.342205	-0.107326786
0.341995	-0.108370536
0.341575	-0.117298214
0.341384	-0.1157125
0.340964	-0.116099107
0.340735	-0.116033929
0.340544	-0.116638393
0.340162	-0.11813125
0.339895	-0.118770536
0.33936	-0.119741071
0.339303	-0.116171429
0.338998	-0.118864286
0.338597	-0.121127679
0.33831	-0.12241875
0.3381	-0.123767857
0.337604	-0.125404464
0.337203	-0.125841071
0.337069	-0.127350893
0.336763	-0.132479464
0.336458	-0.132394643
0.336095	-0.132408929
0.335809	-0.133210714
0.335541	-0.134395536
0.33516	-0.135142857
0.334969	-0.136024107
0.33451	-0.136942857
0.334319	-0.13351875
0.333976	-0.136009821
0.333785	-0.137763393
0.333307	-0.1392
0.333021	-0.140654464
0.332773	-0.141948214
0.332448	-0.143358929
0.332009	-0.144113393
0.331837	-0.146935714
0.331551	-0.147402679
0.331341	-0.147874107
0.331054	-0.149073214
0.330539	-0.150083929
0.33031	-0.150700893
0.329832	-0.151917857
0.329622	-0.15285625
0.329298	-0.149046429
0.32903	-0.151919643
0.328782	-0.153558929
0.328476	-0.155177679
0.328266	-0.156592857
0.327923	-0.157915179
0.327522	-0.158924107
0.327216	-0.159873214
0.32693	-0.164161607
0.326548	-0.16403125
0.326319	-0.164659821
0.325918	-0.164971429
0.325498	-0.165753571
0.325211	-0.16636875
0.325039	-0.1672375
0.324677	-0.168163393
0.324486	-0.164454464
0.324085	-0.166999107
0.323779	-0.168263393
0.323626	-0.169348214
0.32334	-0.170774107
0.32292	-0.171816964
0.322634	-0.172657143
0.322366	-0.173301786
0.322022	-0.181928571
0.321602	-0.180096429
0.321297	-0.180028571
0.321087	-0.179850893
0.320705	-0.1810625
0.320247	-0.181252679
0.320094	-0.182104464
0.319865	-0.182204464
0.319464	-0.178961607
0.319025	-0.181211607
0.318986	-0.182675893
0.318566	-0.183709821
0.318356	-0.184983036
0.318089	-0.185846429
0.317726	-0.186539286
0.317421	-0.187584821
0.317115	-0.192391964
0.3166	-0.192002679
0.316485	-0.191738393
0.316084	-0.192464286
0.315759	-0.19318125
0.315416	-0.19446875
0.315015	-0.194658929
0.314805	-0.195315179
0.314442	-0.191623214
0.314308	-0.193869643
0.313965	-0.195284821
0.313545	-0.196744643
0.313315	-0.197615179
0.312953	-0.198575893
0.312781	-0.19961875
0.312475	-0.199742857
0.312265	-0.207130357
0.311826	-0.205808036
0.311616	-0.205482143
0.311215	-0.205384821
0.311043	-0.206490179
0.310719	-0.206715179
0.310298	-0.206995536
0.310107	-0.20775625
0.309726	-0.204174107
0.309344	-0.205978571
0.308981	-0.207215179
0.30858	-0.208600893
0.308427	-0.210009821
0.308083	-0.210886607
0.307682	-0.211744643
0.307396	-0.21205
0.307129	-0.217400893
0.306728	-0.216669643
0.306518	-0.216627679
0.306231	-0.217030357
0.306021	-0.217466071
0.305601	-0.217804464
0.305334	-0.217970536
0.305181	-0.2191125
0.304723	-0.215389286
0.304265	-0.217442857
0.304131	-0.219095536
0.303806	-0.219603571
0.303692	-0.220940179
0.303291	-0.221710714
0.303004	-0.222741964
0.302584	-0.222942857
0.302298	-0.23154375
0.301897	-0.229830357
0.301725	-0.229234821
0.301267	-0.228994643
0.300999	-0.230188393
0.300713	-0.230596429
0.300446	-0.230184821
0.300159	-0.230870536
0.299854	-0.227126786
0.29951	-0.228976786
0.299109	-0.230125
0.298899	-0.231644643
0.298517	-0.2323
0.29825	-0.233407143
0.29783	-0.234208929
0.29762	-0.234905357
0.297333	-0.23984375
0.297066	-0.238726786
0.296627	-0.239009821
0.296417	-0.239050893
0.296035	-0.239533929
0.295997	-0.240303571
0.295538	-0.24071875
0.295176	-0.241361607
0.294927	-0.237619643
0.294679	-0.239838393
0.294374	-0.240869643
0.293877	-0.242172321
0.293763	-0.243021429
0.293228	-0.243719643
0.292922	-0.2441125
0.292731	-0.245108036
0.292407	-0.247753571
0.292235	-0.247333929
0.291815	-0.247591071
0.291414	-0.248311607
0.291223	-0.248749107
0.290841	-0.249799107
0.290402	-0.250275893
0.290039	-0.250463393
0.289829	-0.246324107
0.289619	-0.248902679
0.289218	-0.25005
0.28897	-0.251319643
0.288703	-0.251945536
0.28834	-0.2532375
0.288072	-0.253798214
0.28769	-0.254692857
0.287519	-0.258882143
0.287099	-0.258236607
0.286793	-0.25838125
0.286621	-0.258620536
0.286335	-0.258998214
0.285991	-0.259564286
0.285628	-0.259392857
0.28538	-0.259708929
0.284979	-0.256502679
0.284597	-0.258233929
0.284502	-0.25998125
0.283986	-0.260522321
0.283738	-0.261648214
0.283375	-0.2624125
0.283089	-0.262569643
0.28286	-0.26353125
0.282554	-0.271963393
0.282172	-0.2694
0.281924	-0.269289286
0.281561	-0.269250893
0.281217	-0.269458929
0.280778	-0.26993125
0.280606	-0.269473214
0.280396	-0.269898214
0.280034	-0.265880357
0.279709	-0.268369643
0.279289	-0.269023214
0.279098	-0.269808036
0.278812	-0.270677679
0.278506	-0.271323214
0.278258	-0.271946429
0.277933	-0.272569643
0.277589	-0.277016071
0.277399	-0.276591964
0.276959	-0.276553571
0.276577	-0.276669643
0.276406	-0.277380357
0.275986	-0.277111607
0.275776	-0.277578571
0.275565	-0.27796875
0.275164	-0.2740375
0.274859	-0.27559375
0.274496	-0.277208036
0.274152	-0.278113393
0.273866	-0.2785375
0.273713	-0.278939286
0.273351	-0.279472321
0.272969	-0.28009375
0.272816	-0.283160714
0.272491	-0.28279375
0.272033	-0.282608929
0.271995	-0.283375893
0.27146	-0.284246429
0.271155	-0.284783036
0.270887	-0.284407143
0.270467	-0.284967857
0.270143	-0.281499107
0.269913	-0.283257143
0.26957	-0.284408929
0.269207	-0.285197321
0.26915	-0.286109821
0.268634	-0.286869643
0.268367	-0.287354464
0.268176	-0.287865179
0.267737	-0.292435714
0.267374	-0.291600893
0.267107	-0.291732143
0.266992	-0.291964286
0.266457	-0.291807143
0.26619	-0.292035714
0.265923	-0.291925893
0.265598	-0.292323214
0.265312	-0.287791071
0.264911	-0.290179464
0.264682	-0.290813393
0.264376	-0.291655357
0.264128	-0.292371429
0.263937	-0.293065179
0.263612	-0.293758036
0.263154	-0.29423125
0.262772	-0.302497321
0.262524	-0.300642857
0.262371	-0.299804464
0.261817	-0.299882143
0.261646	-0.2997875
0.261283	-0.300045536
0.260958	-0.300233036
0.260614	-0.300341071
0.260404	-0.296655357
0.260061	-0.297744643
0.259717	-0.298715179
0.259411	-0.299457143
0.259221	-0.299961607
0.258934	-0.300170536
0.258571	-0.300832143
0.258247	-0.301302679
0.257903	-0.30579375
0.257674	-0.305017857
0.257139	-0.30514375
0.25691	-0.30550625
0.256586	-0.306146429
0.256395	-0.3058625
0.256089	-0.305530357
0.255669	-0.306179464
0.255402	-0.302725893
0.255153	-0.304476786
0.254848	-0.305366071
0.254542	-0.306114286
0.254218	-0.306520536
0.25397	-0.30679375
0.253645	-0.307439286
0.253282	-0.307939286
0.252862	-0.310233929
0.252537	-0.310188393
0.252289	-0.309924107
0.252022	-0.310250893
0.251774	-0.310689286
0.25143	-0.310804464
0.251163	-0.311047321
0.250857	-0.311689286
0.250571	-0.307339286
0.250284	-0.30938125
0.250017	-0.310033929
0.249635	-0.311342857
0.249272	-0.312203571
0.249196	-0.31256875
0.248719	-0.313040179
0.248375	-0.313591964
0.247993	-0.318221429
0.247726	-0.31693125
0.247382	-0.317190179
0.247134	-0.317166071
0.246771	-0.317660714
0.246389	-0.317214286
0.246122	-0.317850893
0.24574	-0.317921429
0.245702	-0.313799107
0.245434	-0.316190179
0.244976	-0.316921429
0.244632	-0.317491964
0.244403	-0.318369643
0.244136	-0.318710714
0.243697	-0.319258036
0.243563	-0.319615179
0.243028	-0.327791071
0.242914	-0.325390179
0.242646	-0.324694643
0.242265	-0.324480357
0.241806	-0.324350893
0.241463	-0.32388125
0.241233	-0.324255357
0.240966	-0.32465
0.240794	-0.32030625
0.240451	-0.322548214
0.240107	-0.323461607
0.23984	-0.324116964
0.239572	-0.324804464
0.239248	-0.3250375
0.23877	-0.325366071
0.238656	-0.325753571
0.23814	-0.329991071
0.237873	-0.329951786
0.237548	-0.329666964
0.237224	-0.329305357
0.236918	-0.329878571
0.236651	-0.329974107
0.236345	-0.330491071
0.236021	-0.331025
0.235849	-0.326572321
0.23541	-0.328339286
0.235066	-0.329014286
0.234951	-0.330160714
0.234512	-0.330633929
0.234302	-0.330975
0.233978	-0.3310625
0.233615	-0.331608929
0.233214	-0.336241071
0.232889	-0.335238393
0.232603	-0.334840179
0.232125	-0.334949107
0.232049	-0.335186607
0.231724	-0.334785714
0.231419	-0.335430357
0.231132	-0.335758929
0.23098	-0.332425893
0.230541	-0.333909821
0.230197	-0.334802679
0.230006	-0.335830357
0.229548	-0.336022321
0.229166	-0.336520536
0.228994	-0.336789286
0.228669	-0.337598214
0.228364	-0.342447321
0.228039	-0.340883929
0.227715	-0.340791071
0.22739	-0.341023214
0.226989	-0.34113125
0.226951	-0.341676786
0.226492	-0.3418375
0.226225	-0.34198125
0.226053	-0.337577679
0.225671	-0.339709821
0.22527	-0.340708036
0.224927	-0.341570536
0.224659	-0.34254375
0.224373	-0.342720536
0.224258	-0.343271429
0.223724	-0.344027679
0.223342	-0.352122321
0.223151	-0.349476786
0.222712	-0.3486625
0.222521	-0.348769643
0.222139	-0.348383929
0.22191	-0.348484821
0.221604	-0.348433036
0.22128	-0.348370536
0.220974	-0.344639286
0.220554	-0.346667857
0.220382	-0.347241964
0.219905	-0.347910714
0.219809	-0.3487375
0.219198	-0.348807143
0.218988	-0.349448214
0.218797	-0.349835714
0.218492	-0.354404464
0.21811	-0.353174107
0.217843	-0.353252679
0.217633	-0.353
0.217327	-0.352861607
0.216983	-0.353574107
0.216525	-0.353758036
0.216296	-0.354030357
0.21601	-0.349848214
0.215838	-0.351886607
0.215379	-0.352597321
0.21515	-0.353592857
0.214577	-0.353747321
0.214482	-0.354144643
0.214177	-0.354482143
0.214024	-0.355339286
0.213546	-0.35811875
0.21305	-0.357760714
0.212954	-0.357516071
0.212725	-0.358034821
0.212305	-0.358232143
0.211981	-0.35848125
0.211713	-0.358625893
0.211293	-0.359397321
0.211007	-0.354995536
0.210778	-0.357241964
0.210491	-0.358273214
0.210224	-0.35890625
0.20988	-0.359113393
0.209747	-0.360086607
0.209479	-0.360452679
0.208964	-0.360775
0.208677	-0.364969643
0.208314	-0.364049107
0.207971	-0.363785714
0.207665	-0.364272321
0.207493	-0.364047321
0.207054	-0.364315179
0.206691	-0.364935714
0.206386	-0.365233036
0.206233	-0.360699107
0.206023	-0.362691964
0.205737	-0.363894643
0.205355	-0.364645536
0.204916	-0.364807143
0.204667	-0.365514286
0.2044	-0.365813393
0.204076	-0.366636607
0.203713	-0.37446875
0.203426	-0.372597321
0.203006	-0.371569643
0.202739	-0.371221429
0.202472	-0.371589286
0.202223	-0.370983929
0.201918	-0.371267857
0.201612	-0.371560714
0.201249	-0.367176786
0.201001	-0.369217857
0.200543	-0.369716071
0.200276	-0.371220536
0.199913	-0.371325
0.199779	-0.37209375
0.199436	-0.372495536
0.198996	-0.372624107
0.198805	-0.377114286
0.198481	-0.375791071
0.198271	-0.376208036
0.197851	-0.375973214
0.197488	-0.376113393
0.197144	-0.376001786
0.196934	-0.376363393
0.196514	-0.376551786
0.196266	-0.3721875
0.195903	-0.374308036
0.195598	-0.375240179
0.195273	-0.375795536
0.19512	-0.376150893
0.194757	-0.37651875
0.194643	-0.377247321
0.194204	-0.377463393
0.193879	-0.379791071
0.19365	-0.379736607
0.193249	-0.380441964
0.192867	-0.380555357
0.192733	-0.380475893
0.192371	-0.38105
0.191989	-0.381249107
0.191683	-0.382103571
0.191492	-0.37761875
0.191148	-0.379049107
0.190862	-0.380276786
0.190537	-0.380899107
0.190194	-0.381685714
0.189812	-0.38223125
0.189583	-0.382799107
0.189258	-0.38311875
0.188991	-0.387401786
0.188666	-0.386379464
0.188303	-0.38645
0.188017	-0.386459821
0.187616	-0.386169643
0.187387	-0.386053571
0.1871	-0.386732143
0.186795	-0.387358036
0.186413	-0.383290179
0.186146	-0.385372321
0.185821	-0.385825
0.185535	-0.38654375
0.185344	-0.387302679
0.185057	-0.387641964
0.184752	-0.387722321
0.184446	-0.388616964
0.184026	-0.396658929
0.183606	-0.3946125
0.183339	-0.393864286
0.183091	-0.393684821
0.182632	-0.393747321
0.182384	-0.393796429
0.182098	-0.393853571
0.181716	-0.393925893
0.181353	-0.389630357
0.181067	-0.391196429
0.180914	-0.391946429
0.180589	-0.392584821
0.180436	-0.393510714
0.180169	-0.394253571
0.179806	-0.394591071
0.179405	-0.39503125
0.1791	-0.399108036
0.178852	-0.398554464
0.178508	-0.398273214
0.178145	-0.3980625
0.177801	-0.398379464
0.1774	-0.398905357
0.177209	-0.398875893
0.176961	-0.399357143
0.176751	-0.394725893
0.176293	-0.396584821
0.176026	-0.39760625
0.175758	-0.397836607
0.175319	-0.398389286
0.174956	-0.39908125
0.174765	-0.399513393
0.174708	-0.399975893
0.174059	-0.402877679
0.173792	-0.402526786
0.173486	-0.402130357
0.173142	-0.40216875
0.172932	-0.40281875
0.17255	-0.403113393
0.17234	-0.403598214
0.172035	-0.403682143
0.171691	-0.399489286
0.1715	-0.401323214
0.171099	-0.402714286
0.170889	-0.402454464
0.170526	-0.403639286
0.170087	-0.4045375
0.169973	-0.404974107
0.169686	-0.405874107
0.169209	-0.410552679
0.168961	-0.409507143
0.168598	-0.40889375
0.168407	-0.409315179
0.168025	-0.409415179
0.167624	-0.409317857
0.167414	-0.410205357
0.167147	-0.409996429
0.166898	-0.405697321
0.166593	-0.407896429
0.166154	-0.408445536
0.165906	-0.40876875
0.165524	-0.409520536
0.165294	-0.410323214
0.165046	-0.410640179
0.164626	-0.41105625
0.164244	-0.420021429
0.163958	-0.417627679
0.163824	-0.416516964
0.163423	-0.416004464
0.162946	-0.416146429
0.162812	-0.416360714
0.162507	-0.416151786
0.162125	-0.416744643
0.161915	-0.412272321
0.161533	-0.414233036
0.161246	-0.414789286
0.160826	-0.415730357
0.160616	-0.416048214
0.160387	-0.416566071
0.160024	-0.416878571
0.159662	-0.417210714
0.159394	-0.421958929
0.159146	-0.420979464
0.158802	-0.420605357
0.158401	-0.420682143
0.158172	-0.421182143
0.157886	-0.421153571
0.157485	-0.421348214
0.157275	-0.421314286
0.157007	-0.417219643
0.15674	-0.419417857
0.156377	-0.420016964
0.156072	-0.420713393
0.155824	-0.421438393
0.155499	-0.42185625
0.155098	-0.422707143
0.154888	-0.423103571
0.154449	-0.42914375
0.154124	-0.427940179
0.1538	-0.427174107
0.153418	-0.427351786
0.153112	-0.427528571
0.152864	-0.427685714
0.152749	-0.427705357
0.152272	-0.428333036
0.151928	-0.423928571
0.151623	-0.425669643
0.151203	-0.426029464
0.151107	-0.427135714
0.150859	-0.427963393
0.15042	-0.428349107
0.150305	-0.428441071
0.150057	-0.4289875
0.149599	-0.433361607
0.149351	-0.432960714
0.14895	-0.432183036
0.148587	-0.432307143
0.148109	-0.4326375
0.147861	-0.433141071
0.147708	-0.433552679
0.147288	-0.433810714
0.147193	-0.429470536
0.146696	-0.431184821
0.146315	-0.431942857
0.146104	-0.432464286
0.145723	-0.433198214
0.14557	-0.433524107
0.145226	-0.434602679
0.144806	-0.434791071
0.144539	-0.443929464
0.144329	-0.442141964
0.143928	-0.441124107
0.143699	-0.440900893
0.143355	-0.441188393
0.143049	-0.441185714
0.142687	-0.440751786
0.142324	-0.440775893
0.14198	-0.436439286
0.141808	-0.4384
0.141522	-0.439099107
0.141178	-0.440259821
0.140911	-0.44115
0.140605	-0.441795536
0.140319	-0.44164375
0.140109	-0.443211607
0.139631	-0.446863393
0.13946	-0.446635714
0.139078	-0.446435714
0.138753	-0.445739286
0.138658	-0.446466071
0.138123	-0.446585714
0.137703	-0.446632143
0.137569	-0.447722321
0.137206	-0.442988393
0.136939	-0.444669643
0.136385	-0.444913393
0.136137	-0.4461
0.135889	-0.446739286
0.135717	-0.4471875
0.135335	-0.447971429
0.13503	-0.448885714
0.134629	-0.452141964
0.134419	-0.451686607
0.134094	-0.451907143
0.133846	-0.452066964
0.133559	-0.452392857
0.133197	-0.452589286
0.132948	-0.452821429
0.132605	-0.453064286
0.132337	-0.448864286
0.132108	-0.450585714
0.131707	-0.451501786
0.131421	-0.452724107
0.131173	-0.453855357
0.130867	-0.454374107
0.130466	-0.454772321
0.130218	-0.455698214
0.129817	-0.460533036
0.129492	-0.459529464
0.129339	-0.459214286
0.128958	-0.459261607
0.128557	-0.459645536
0.128289	-0.45995625
0.128117	-0.460609821
0.127697	-0.461060714
0.127392	-0.456474107
0.126972	-0.458572321
0.126723	-0.458650893
0.126418	-0.460166071
0.126132	-0.461040179
0.12596	-0.461851786
0.125597	-0.462558929
0.12512	-0.463019643
0.12491	-0.472175
0.124413	-0.469891964
0.124203	-0.469248214
0.123878	-0.4691625
0.123726	-0.468994643
0.123	-0.469344643
0.123	-0.469284821
0.123	-0.469551786
0.122	-0.465079464
0.122	-0.466666071
0.122	-0.467570536
0.122	-0.468767857
0.121	-0.46875625
0.121	-0.470588393
0.121	-0.471214286
0.12	-0.471239286
0.12	-0.475941071
0.12	-0.475428571
0.119	-0.475321429
0.119	-0.475722321
0.119	-0.475321429
0.118	-0.475795536
0.118	-0.47559375
0.118	-0.476471429
0.117	-0.472365179
0.117	-0.474504464
0.117	-0.475748214
0.116	-0.47630625
0.116	-0.477154464
0.116	-0.478008036
0.116	-0.478240179
0.116	-0.479457143
0.115	-0.481529464
0.115	-0.481599107
0.114	-0.481713393
0.114	-0.482766071
0.114	-0.482975
0.113	-0.483310714
0.113	-0.483383929
0.113	-0.484566071
0.113	-0.480405357
0.112	-0.482341071
0.112	-0.483622321
0.112	-0.484058929
0.111	-0.48559375
0.111	-0.486583929
0.111	-0.48690625
0.111	-0.487945536
0.11	-0.492583036
0.11	-0.491734821
0.11	-0.491517857
0.109	-0.492084821
0.109	-0.492375
0.109	-0.492660714
0.108	-0.493164286
0.108	-0.494247321
0.108	-0.488741071
0.107	-0.4911375
0.107	-0.492114286
0.107	-0.492601786
0.106	-0.493361607
0.106	-0.495102679
0.106	-0.495680357
0.106	-0.4968875
0.105	-0.505994643
0.105	-0.504352679
0.105	-0.503564286
0.104	-0.50365
0.104	-0.503904464
0.103753	-0.504091071
0.103371	-0.503961607
0.103084	-0.505102679
0.102645	-0.499704464
0.102473	-0.501853571
0.101958	-0.50265
0.101824	-0.50343125
0.101538	-0.504164286
0.101175	-0.505684821
0.100946	-0.506382143
0.100507	-0.506739286
0.100258	-0.512213393
0.0999339	-0.510974107
0.0996856	-0.510641071
0.0992655	-0.51184375
0.0988837	-0.512172321
0.0987309	-0.51250625
0.098349	-0.512548214
0.0980817	-0.513316964
0.0979098	-0.508660714
0.0975852	-0.510254464
0.0972797	-0.511967857
0.0969551	-0.5127875
0.0966114	-0.514130357
0.0964968	-0.514998214
0.0959813	-0.515378571
0.0956567	-0.516366071
0.0953703	-0.519721429
0.0951984	-0.520216964
0.0948547	-0.520060714
0.0945683	-0.520745536
0.0939573	-0.521566071
0.093709	-0.521863393
0.0934035	-0.522060714
0.0930598	-0.522885714
0.0928307	-0.518583929
0.0925634	-0.520609821
0.0922197	-0.521558036
0.0919905	-0.522539286
0.0918569	-0.523517857
0.0913795	-0.524311607
0.0911122	-0.52521875
0.0906921	-0.526225
0.0904821	-0.531230357
0.0901384	-0.53085625
0.0897374	-0.531039286
0.0895655	-0.531834821
0.0892409	-0.532484821
0.0888781	-0.533151786
0.0886681	-0.533590179
0.0882862	-0.534263393
0.0879807	-0.529448214
0.0877897	-0.531161607
0.0873315	-0.532400893
0.0870641	-0.533375893
0.086835	-0.534940179
0.0863958	-0.535791071
0.0860903	-0.537100893
0.0859757	-0.537875893
0.0855748	-0.547095536
0.0850401	-0.545486607
0.084811	-0.544811607
0.0844864	-0.545157143
0.0841618	-0.544809821
0.0838181	-0.545779464
0.0834553	-0.546117857
0.0832643	-0.546189286
0.0829397	-0.541565179
0.0828442	-0.542875
0.0826342	-0.544396429
0.0821568	-0.545873214
0.0818704	-0.546932143
0.081584	-0.547321429
0.0812976	-0.54841875
0.0810875	-0.549522321
0.0804574	-0.554759821
0.0801901	-0.554144643
0.0799037	-0.55430625
0.0794836	-0.554792857
0.0792927	-0.555441071
0.0790062	-0.556136607
0.0787389	-0.556533036
0.0784716	-0.556660714
0.0782806	-0.552116964
0.0777078	-0.554532143
0.0774787	-0.555823214
0.0771541	-0.556775893
0.0769822	-0.558323214
0.0766194	-0.559298214
0.0764285	-0.559966964
0.0760275	-0.561155357
0.0756647	-0.566835714
0.0752064	-0.56623125
0.07492	-0.56646875
0.07471	-0.567309821
0.0743472	-0.567415179
0.0740226	-0.568279464
0.0736789	-0.568308929
0.0734306	-0.569257143
0.0732588	-0.564665179
0.0729915	-0.56669375
0.0726859	-0.568167857
0.0722277	-0.5695375
0.0719222	-0.570491964
0.0717121	-0.571726786
0.071292	-0.572255357
0.0710438	-0.573498214
0.0708338	-0.578854464
0.0705283	-0.577953571
0.0703564	-0.578391071
0.0696117	-0.579064286
0.0694781	-0.57941875
0.0692871	-0.580108036
0.0688479	-0.581008929
0.0685997	-0.581645536
0.0681796	-0.577333929
0.067855	-0.579349107
0.0676068	-0.580379464
0.0672631	-0.581296429
0.067053	-0.58271875
0.0667475	-0.584161607
0.0662511	-0.585419643
0.0660792	-0.586450893
0.0657737	-0.595632143
0.0654682	-0.594258929
0.0651436	-0.594494643
0.0648572	-0.594758929
0.0645708	-0.594622321
0.0641125	-0.59568125
0.0639025	-0.596558036
0.063406	-0.597158036
0.0633296	-0.591420536
0.0631005	-0.593771429
0.0629095	-0.595091964
0.0624704	-0.59685
0.0620885	-0.597907143
0.061783	-0.599010714
0.0615347	-0.599683036
0.0610956	-0.599972321
0.060981	-0.605830357
0.0604654	-0.606309821
0.0600835	-0.606278571
0.0597398	-0.606530357
0.0596253	-0.606990179
0.0592052	-0.60788125
0.0589761	-0.608848214
0.0587278	-0.608670536
0.0584414	-0.604102679
0.0579831	-0.606428571
0.0578304	-0.607909821
0.0575822	-0.609111607
0.0572194	-0.610316071
0.056742	-0.611763393
0.0564747	-0.612116071
0.0563219	-0.613316071
0.0559973	-0.616570536
0.0556918	-0.617069643
0.0551953	-0.617514286
0.0548134	-0.618921429
0.0547371	-0.620308929
0.0543934	-0.6211875
0.0541833	-0.621615179
0.0537632	-0.622591071
0.053305	-0.618008929
0.0532286	-0.620952679
0.0528658	-0.62238125
0.052503	-0.623146429
0.0521593	-0.624041071
0.0519875	-0.625858929
0.0517392	-0.62699375
0.0514337	-0.628108036
0.0510327	-0.633965179
0.0506699	-0.633776786
0.0504981	-0.634099107
0.0500589	-0.634980357
0.0497343	-0.6358625
0.0493906	-0.637220536
0.0489896	-0.637833929
0.0488559	-0.6390375
0.0485695	-0.633552679
0.0483213	-0.6359
0.0479776	-0.637420536
0.0476912	-0.638913393
0.047462	-0.639911607
0.0469656	-0.641484821
0.0467365	-0.642248214
0.0464309	-0.643694643
0.0460872	-0.653514286
0.0457626	-0.653100893
0.0454571	-0.653496429
0.0450179	-0.653205357
0.0447315	-0.65389375
0.0445024	-0.654500893
0.0442351	-0.654723214
0.043815	-0.6558625
0.0435095	-0.651034821
0.0432803	-0.653263393
0.0430321	-0.654936607
0.0426884	-0.656302679
0.0425166	-0.657444643
0.0423256	-0.65875
0.041791	-0.659291964
0.0415046	-0.660786607
0.0411227	-0.666371429
0.0409508	-0.666610714
0.040588	-0.667311607
0.0402252	-0.668225
0.0399006	-0.668992857
0.0395569	-0.670271429
0.0392896	-0.67095625
0.0388886	-0.671625893
0.0386213	-0.666659821
0.0382967	-0.669039286
0.0380293	-0.670965179
0.0378002	-0.6722625
0.0373801	-0.673701786
0.0371701	-0.674769643
0.0369219	-0.676347321
0.0365782	-0.678058036
0.0362726	-0.680695536
0.0356998	-0.681647321
0.035528	-0.682528571
0.0351843	-0.68398125
0.0348978	-0.685575893
0.0346305	-0.686521429
0.0344205	-0.686917857
0.0340386	-0.688045536
0.033924	-0.68375625
0.0334276	-0.685538393
0.0333512	-0.687433929
0.0328738	-0.689341071
0.0326065	-0.691616964
0.0322628	-0.692945536
0.0320146	-0.6935375
0.0315945	-0.695115179
0.0312126	-0.701075893
0.0310598	-0.701041071
0.0305825	-0.701729464
0.0303915	-0.702614286
0.0301051	-0.703902679
0.0297614	-0.704875893
0.0294559	-0.705442857
0.0293222	-0.706461607
0.0289785	-0.701670536
0.0285775	-0.704289286
0.0281766	-0.70646875
0.0278329	-0.708291964
0.0275273	-0.709810714
0.0272409	-0.711228571
0.0269927	-0.712124107
0.0268018	-0.713783036
0.0263053	-0.724991071
0.0259234	-0.724080357
0.0256179	-0.724466964
0.0253888	-0.724633036
0.0250832	-0.725609821
0.0247395	-0.726551786
0.0245104	-0.727403571
0.0241667	-0.728223214
0.0239185	-0.7232
0.0235939	-0.726536607
0.0234411	-0.728085714
0.0231547	-0.729600893
0.0227919	-0.730877679
0.0224482	-0.732860714
0.0220281	-0.73431875
0.0216844	-0.73489375
0.0215126	-0.741317857
0.0210543	-0.7421625
0.0208633	-0.742591964
0.020386	-0.743442857
0.0203096	-0.744424107
0.0199086	-0.745492857
0.0195076	-0.746625893
0.0193167	-0.74690625
0.0189921	-0.7426125
0.0187439	-0.745145536
0.0184192	-0.747279464
0.0181519	-0.748808036
0.0178464	-0.75075625
0.0174454	-0.752413393
0.0171972	-0.754176786
0.0168726	-0.755409821
0.0166816	-0.759670536
0.0163952	-0.760951786
0.0159179	-0.762188393
0.0155551	-0.763266071
0.0152114	-0.7645
0.0148868	-0.766049107
0.0145812	-0.767429464
0.0142948	-0.768392857
0.0139893	-0.763591964
0.0137984	-0.766828571
0.0133974	-0.76905
0.0131682	-0.771608929
0.0128627	-0.773023214
0.0125954	-0.773883929
0.0121562	-0.775479464
0.0119462	-0.777051786
0.0115643	-0.783955357
0.0112206	-0.78458125
0.0110297	-0.785811607
0.010686	-0.786694643
0.0103995	-0.788529464
0.0100558	-0.789708036
0.00971	-0.790938393
0.0095	-0.791701786
0.00904	-0.788208929
0.00885	-0.790295536
0.00866	-0.792391071
0.00838	-0.794349107
0.0079	-0.7961875
0.00744	-0.797994643
0.00734	-0.799661607
0.0071	-0.801550893
0.00683	-0.812388393
0.00631	-0.812353571
0.00605	-0.813064286
0.00563	-0.814444643
0.0053	-0.815148214
0.00511	-0.81670625
0.00492	-0.818698214
0.00454	-0.819157143
0.00416	-0.81465
0.0037	-0.817891964
0.0036	-0.819484821
0.00349	-0.820605357
0.00299	-0.822363393
0.00259	-0.823983036
0.00236	-0.825892857
0.00213	-0.827113393
0.00177	-0.835069643
0.0016	-0.836057143
0.00114	-0.837255357
6.42E-4	-0.838204464
4.89E-4	-0.839950893
2.22E-4	-0.841855357
-8.34E-5	-0.843088393
-4.08E-4	-0.844521429
-7.13E-4	-0.840422321
-9.24E-4	-0.842710714
-0.00113	-0.844858036
-0.00161	-0.846821429
-0.00182	-0.849060714
-0.00226	-0.851097321
-0.00253	-0.852308929
-0.00279	-0.854608929
-0.0035	-0.871749107
-0.00379	-0.871842857
-0.00417	-0.872197321
-0.00444	-0.872959821
-0.00467	-0.874022321
-0.00491	-0.874277679
-0.00537	-0.875538393
-0.00572	-0.871702679
-0.00595	-0.874108929
-0.00633	-0.875963393
-0.00656	-0.87680625
-0.007	-0.879901786
-0.00721	-0.881875
-0.00755	-0.88353125
-0.00782	-0.884982143
-0.0082	-0.891852679
-0.00848	-0.892511607
-0.00877	-0.893910714
-0.00913	-0.894973214
-0.00946	-0.897294643
-0.00967	-0.898857143
-0.0101462	-0.9000625
-0.0103371	-0.901696429
-0.010719	-0.897589286
-0.0109673	-0.899517857
-0.0113491	-0.902169643
-0.0115783	-0.9041875
-0.0118456	-0.906383929
-0.0121893	-0.908651786
-0.0124948	-0.910232143
-0.0127812	-0.912205357
-0.0131822	-0.924839286
-0.0134495	-0.925
-0.0138123	-0.925223214
-0.0140415	-0.926883929
-0.0142515	-0.928428571
-0.0147289	-0.9304375
-0.0149771	-0.930901786
-0.0151871	-0.932598214
-0.0155499	-0.927098214
-0.0159318	-0.930508929
-0.0162373	-0.932580357
-0.0166001	-0.934178571
-0.0167911	-0.936125
-0.017173	-0.9381875
-0.0175358	-0.940151786
-0.0177267	-0.942178571
-0.0181659	-0.949125
-0.018395	-0.95025
-0.0187196	-0.951553571
-0.0190442	-0.952669643
-0.0192734	-0.954098214
-0.0195789	-0.956017857
-0.0200372	-0.958178571
-0.0203045	-0.959839286
-0.0204191	-0.955482143
-0.02082	-0.957616071
-0.0209728	-0.960178571
-0.0214693	-0.962178571
-0.0217748	-0.965669643
-0.022023	-0.9675
-0.0224049	-0.969178571
-0.0226913	-0.970678571
-0.0228441	-0.975714286
-0.0233023	-0.977026786
-0.0237033	-0.979071429
-0.0239515	-0.980758929
-0.0243143	-0.982464286
-0.0245435	-0.984955357
-0.0247344	-0.986223214
-0.0250399	-0.987705357
-0.0252882	-0.983848214
-0.0256891	-0.986446429
-0.0259374	-0.988919643
-0.026262	-0.991580357
-0.0266439	-0.993651786
-0.0268921	-0.995732143
-0.0271594	-0.997660714
-0.0276368	-0.999285714
-0.0279041	-1.006866071
-0.0281905	-1.007848214
-0.0285724	-1.009053571
-0.0288207	-1.010625
-0.0291071	-1.012857143
-0.0293935	-1.014348214
-0.0296799	-1.016258929
-0.0298899	-1.0175
-0.0302909	-1.013508929
-0.0305774	-1.0166875
-0.0308829	-1.018928571
-0.0311502	-1.021580357
-0.0315512	-1.024178571
-0.0318758	-1.026642857
-0.032315	-1.028401786
-0.0325632	-1.029964286
-0.0328878	-1.042910714
-0.0332124	-1.043482143
-0.0335179	-1.0445
-0.0336516	-1.045955357
-0.0340144	-1.047491071
-0.0343963	-1.050383929
-0.0346445	-1.051080357
-0.0350455	-1.053133929
-0.0353128	-1.048517857
-0.0355037	-1.051473214
-0.0358283	-1.054232143
-0.0360766	-1.056464286
-0.0365158	-1.059142857
-0.0367449	-1.061017857
-0.0371268	-1.063223214
-0.0373559	-1.065625
-0.0379097	-1.073017857
-0.0381006	-1.073973214
-0.038387	-1.075071429
-0.0386352	-1.076776786
-0.0389789	-1.079392857
-0.0394181	-1.081267857
-0.0396664	-1.083517857
-0.0399528	-1.085196429
-0.040201	-1.081491071
-0.0406593	-1.084410714
-0.041003	-1.087
-0.0411175	-1.089517857
-0.0415376	-1.093473214
-0.041824	-1.095830357
-0.0420723	-1.098330357
-0.0422632	-1.100517857
-0.0427597	-1.106133929
-0.0430079	-1.107776786
-0.0432561	-1.1095
-0.0434662	-1.111508929
-0.0438672	-1.114008929
-0.0443063	-1.116544643
-0.0445736	-1.118508929
-0.0449364	-1.120571429
-0.045051	-1.117276786
-0.0453374	-1.120401786
-0.0455666	-1.122598214
-0.0459866	-1.1258125
-0.0463494	-1.129125
-0.0467886	-1.131741071
-0.0469796	-1.133848214
-0.0473042	-1.1365
-0.0475715	-1.144464286
-0.0478961	-1.146151786
-0.0481061	-1.147633929
-0.0484117	-1.150026786
-0.0487554	-1.153035714
-0.0490418	-1.1549375
-0.0493091	-1.156857143
-0.0496146	-1.158642857
-0.049901	-1.155473214
-0.0502447	-1.159303571
-0.0505311	-1.162223214
-0.050913	-1.164642857
-0.0512758	-1.16725
-0.0516386	-1.170705357
-0.0517914	-1.173151786
-0.0522878	-1.17725
-0.0525934	-1.190526786
-0.0526888	-1.190946429
-0.0530898	-1.192866071
-0.0534908	-1.194678571
-0.053739	-1.197089286
-0.0540827	-1.199714286
-0.0543692	-1.202232143
-0.0546174	-1.204669643
-0.0551711	-1.201464286
-0.0553239	-1.205035714
-0.0556103	-1.20775
-0.0558394	-1.2104375
-0.0560304	-1.213276786
-0.0565459	-1.215794643
-0.0567751	-1.218669643
-0.0571379	-1.220946429
-0.0574243	-1.229964286
-0.0576725	-1.231633929
-0.0581117	-1.234125
-0.058379	-1.236651786
-0.0587418	-1.239526786
-0.0590282	-1.241892857
-0.0592764	-1.244232143
-0.0594865	-1.246714286
-0.0599639	-1.242883929
-0.0602694	-1.246857143
-0.0604985	-1.249446429
-0.0608422	-1.252508929
-0.0610904	-1.255482143
-0.0613196	-1.258946429
-0.0617015	-1.261669643
-0.062007	-1.265080357
-0.0622552	-1.271767857
-0.0625989	-1.273133929
-0.0628662	-1.275419643
-0.0632099	-1.278267857
-0.0635154	-1.2808125
-0.0639546	-1.282982143
-0.0641646	-1.2856875
-0.0646229	-1.288571429
-0.064833	-1.285125
-0.0651958	-1.288633929
-0.0653103	-1.291321429
-0.0658068	-1.294366071
-0.0661314	-1.297473214
-0.0663987	-1.300125
-0.0666278	-1.302883929
-0.0668761	-1.305544643
-0.0673534	-1.313883929
-0.0675826	-1.315803571
-0.067869	-1.318133929
-0.0682127	-1.32075
-0.0684227	-1.323285714
-0.068671	-1.324589286
-0.0691292	-1.3270625
-0.0693584	-1.330544643
-0.0696257	-1.326044643
-0.0699694	-1.329357143
-0.070294	-1.332008929
-0.0707141	-1.336160714
-0.0709432	-1.3393125
-0.0713442	-1.342035714
-0.0716879	-1.344026786
-0.0718597	-1.345741071
-0.0722989	-1.359705357
-0.0725281	-1.360169643
-0.0727954	-1.361633929
-0.0729672	-1.363241071
-0.0735592	-1.364857143
-0.0738074	-1.366830357
-0.0741511	-1.368946429
-0.074342	-1.370428571
-0.0746666	-1.365821429
-0.0749913	-1.368571429
-0.0752777	-1.371705357
-0.0757359	-1.373330357
-0.0759842	-1.375678571
-0.076156	-1.377785714
-0.0764233	-1.378982143
-0.076748	-1.380544643
-0.0771298	-1.388214286
-0.0773781	-1.389223214
-0.0776072	-1.390410714
-0.0780082	-1.39125
-0.0783519	-1.393196429
-0.0786956	-1.3954375
-0.079173	-1.395508929
-0.0793639	-1.396098214
-0.0795358	-1.392178571
-0.0799367	-1.394803571
-0.0801468	-1.396705357
-0.0804905	-1.398776786
-0.0808533	-1.400625
-0.0811397	-1.402875
-0.0814834	-1.404839286
-0.0816934	-1.405607143
-0.0820753	-1.413544643
-0.082419	-1.414035714
-0.0826482	-1.414803571
-0.0831064	-1.415848214
-0.0832974	-1.416991071
-0.0836411	-1.417285714
-0.0838702	-1.418767857
-0.0842139	-1.419928571
-0.0844049	-1.414553571
-0.0846722	-1.416339286
-0.0851495	-1.418178571
-0.0854551	-1.4195
-0.0857224	-1.420330357
-0.0860088	-1.422491071
-0.0864289	-1.423910714
-0.0866962	-1.42575
-0.0869635	-1.431642857
-0.0873645	-1.432491071
-0.0875937	-1.432258929
-0.0879946	-1.432071429
-0.0882811	-1.432375
-0.0885484	-1.4351875
-0.0887966	-1.435964286
-0.0890257	-1.436401786
-0.089484	-1.432026786
-0.089675	-1.433285714
-0.0899805	-1.435026786
-0.0902478	-1.436607143
-0.0906106	-1.437196429
-0.0910498	-1.438125
-0.0912789	-1.439241071
-0.091508	-1.4406875
-0.0919472	-1.451508929
-0.0921763	-1.450785714
-0.0926346	-1.45125
-0.0929019	-1.452098214
-0.0931502	-1.4523125
-0.0936275	-1.452446429
-0.0937421	-1.452571429
-0.0941049	-1.452535714
-0.0942576	-1.446794643
-0.094735	-1.448705357
-0.0951933	-1.451098214
-0.0953269	-1.451205357
-0.095747	-1.452026786
-0.0959571	-1.453196429
-0.0962435	-1.454794643
-0.0965681	-1.456910714
-0.0968927	-1.463258929
-0.0970645	-1.463178571
-0.0974464	-1.463428571
-0.0976565	-1.463910714
-0.0980002	-1.464303571
-0.0985348	-1.4645
-0.0986876	-1.464330357
-0.0989167	-1.464803571
-0.0991268	-1.460125
-0.0994896	-1.462053571
-0.0999096	-1.462964286
-0.100196	-1.464160714
-0.100463	-1.465830357
-0.100883	-1.465294643
-0.101093	-1.46675
-0.101418	-1.467303571
-0.101915	-1.471821429
-0.10201	-1.473267857
-0.10243	-1.473973214
-0.102774	-1.474625
-0.103003	-1.475366071
-0.103385	-1.475857143
-0.103442	-1.476098214
-0.103958	-1.476785714
-0.10413	-1.471848214
-0.104416	-1.473321429
-0.104798	-1.474232143
-0.105046	-1.475625
-0.105313	-1.476598214
-0.105695	-1.477366071
-0.105982	-1.477598214
-0.106383	-1.478285714
-0.106726	-1.484348214
-0.106803	-1.484892857
-0.10728	-1.484883929
-0.107738	-1.485205357
-0.107815	-1.4855625
-0.108388	-1.485696429
-0.108636	-1.486598214
-0.108827	-1.486294643
-0.109266	-1.481151786
-0.1094	-1.482821429
-0.109629	-1.483696429
-0.109992	-1.484651786
-0.110259	-1.484901786
-0.110698	-1.486035714
-0.110946	-1.485848214
-0.111214	-1.487303571
-0.111729	-1.498767857
-0.111958	-1.496955357
-0.112283	-1.496383929
-0.112493	-1.496598214
-0.112894	-1.496303571
-0.113257	-1.496339286
-0.113505	-1.4963125
-0.113849	-1.497133929
-0.114059	-1.490491071
-0.114364	-1.491625
-0.114746	-1.492205357
-0.114994	-1.492098214
-0.115223	-1.493866071
-0.115548	-1.494321429
-0.115854	-1.494946429
-0.116083	-1.494919643
-0.116656	-1.500821429
-0.116866	-1.500455357
-0.117171	-1.500089286
-0.117458	-1.50025
-0.117744	-1.500330357
-0.118183	-1.500473214
-0.118336	-1.500196429
-0.118775	-1.500419643
-0.119119	-1.494919643
-0.119386	-1.4954375
-0.119672	-1.4956875
-0.119921	-1.496401786
-0.120303	-1.497223214
-0.120532	-1.4973125
-0.120933	-1.497892857
-0.121257	-1.498580357
-0.121677	-1.501392857
-0.121773	-1.501669643
-0.122021	-1.501151786
-0.122441	-1.5016875
-0.122747	-1.501758929
-0.123052	-1.501446429
-0.123243	-1.500776786
-0.123682	-1.502008929
-0.123892	-1.496196429
-0.124141	-1.497598214
-0.124522	-1.498285714
-0.124752	-1.499294643
-0.125172	-1.499571429
-0.125363	-1.499875
-0.125649	-1.500008929
-0.126031	-1.500589286
-0.126413	-1.506625
-0.126776	-1.506151786
-0.127081	-1.505741071
-0.12731	-1.504071429
-0.127597	-1.505276786
-0.127921	-1.504866071
-0.128131	-1.506580357
-0.128494	-1.5065
-0.128838	-1.501044643
-0.129162	-1.501946429
-0.129411	-1.502705357
-0.129754	-1.503803571
-0.129907	-1.505008929
-0.130346	-1.505919643
-0.130747	-1.506053571
-0.131034	-1.506366071
-0.131301	-1.517651786
-0.131587	-1.51625
-0.132027	-1.515392857
-0.132428	-1.515285714
-0.132561	-1.5143125
-0.132962	-1.514767857
-0.133191	-1.515258929
-0.133478	-1.516080357
-0.133764	-1.510160714
-0.134089	-1.510973214
-0.134318	-1.510517857
-0.134662	-1.511285714
-0.135063	-1.513044643
-0.135292	-1.513544643
-0.13575	-1.514169643
-0.135884	-1.514098214
-0.136342	-1.519928571
-0.136609	-1.519410714
-0.136724	-1.519071429
-0.13722	-1.518258929
-0.137354	-1.51875
-0.13787	-1.519241071
-0.138061	-1.519866071
-0.138442	-1.520419643
-0.138767	-1.514732143
-0.138996	-1.515741071
-0.139149	-1.515544643
-0.139569	-1.5170625
-0.139875	-1.518080357
-0.140371	-1.518276786
-0.1406	-1.519758929
-0.140829	-1.519866071
-0.141097	-1.522571429
-0.141536	-1.521919643
-0.141803	-1.523598214
-0.141918	-1.523107143
-0.142338	-1.522473214
-0.1427	-1.523785714
-0.143082	-1.524098214
-0.143464	-1.524651786
-0.143732	-1.519053571
-0.143942	-1.520642857
-0.144113	-1.521419643
-0.144553	-1.522857143
-0.144782	-1.524321429
-0.144973	-1.525276786
-0.145336	-1.525303571
-0.145756	-1.526214286
-0.145966	-1.531776786
-0.146539	-1.531133929
-0.146844	-1.531607143
-0.147111	-1.532035714
-0.147455	-1.532598214
-0.147684	-1.533160714
-0.148028	-1.533410714
-0.148238	-1.534035714
-0.148563	-1.528732143
-0.148734	-1.530017857
-0.149135	-1.530428571
-0.149384	-1.530928571
-0.149575	-1.5320625
-0.150186	-1.532714286
-0.1503	-1.534098214
-0.150529	-1.534883929
-0.151007	-1.546169643
-0.151178	-1.545419643
-0.15156	-1.544482143
-0.152095	-1.543875
-0.152401	-1.544044643
-0.152572	-1.544544643
-0.152782	-1.544401786
-0.153069	-1.544625
-0.153336	-1.539383929
-0.153814	-1.541401786
-0.154081	-1.542035714
-0.154463	-1.543026786
-0.154615	-1.542883929
-0.155112	-1.542464286
-0.155284	-1.543580357
-0.155551	-1.54425
-0.15599	-1.550660714
-0.156239	-1.550267857
-0.156429	-1.551098214
-0.156811	-1.551553571
-0.157251	-1.550910714
-0.157518	-1.551517857
-0.157842	-1.552848214
-0.158167	-1.553223214
-0.158568	-1.547607143
-0.158664	-1.5494375
-0.159026	-1.551633929
-0.159427	-1.5525625
-0.159561	-1.553071429
-0.159828	-1.553892857
-0.160363	-1.555330357
-0.16042	-1.555866071
-0.160898	-1.564151786
-0.161108	-1.563589286
-0.161375	-1.563116071
-0.161719	-1.563785714
-0.162024	-1.564080357
-0.162387	-1.564571429
-0.162616	-1.565241071
-0.163036	-1.565508929
-0.163323	-1.559982143
-0.16359	-1.561928571
-0.163953	-1.563017857
-0.164239	-1.563455357
-0.164583	-1.564651786
-0.164793	-1.565464286
-0.165156	-1.566633929
-0.16548	-1.567267857
-0.165767	-1.572964286
-0.166091	-1.572875
-0.166397	-1.573267857
-0.166626	-1.573928571
-0.166951	-1.574330357
-0.167409	-1.575044643
-0.167638	-1.575035714
-0.167963	-1.574580357
-0.168154	-1.569446429
-0.168402	-1.570946429
-0.168898	-1.572901786
-0.169223	-1.573339286
-0.169452	-1.574901786
-0.169891	-1.575401786
-0.170235	-1.575758929
-0.170368	-1.576821429
-0.170674	-1.588116071
-0.17098	-1.587330357
-0.171495	-1.587008929
-0.171667	-1.586785714
-0.171992	-1.587508929
-0.172297	-1.587839286
-0.172507	-1.587776786
-0.172908	-1.588169643
-0.173252	-1.582526786
-0.173366	-1.583678571
-0.173786	-1.583723214
-0.174149	-1.584125
-0.174321	-1.586276786
-0.174684	-1.5865625
-0.175008	-1.587401786
-0.175371	-1.588339286
-0.175562	-1.595116071
-0.175906	-1.594883929
-0.176307	-1.594285714
-0.176689	-1.5943125
-0.177013	-1.594401786
-0.177243	-1.594607143
-0.177605	-1.594633929
-0.177854	-1.594553571
-0.178178	-1.589901786
-0.178388	-1.591633929
-0.178713	-1.592473214
-0.178961	-1.592714286
-0.179381	-1.593821429
-0.179591	-1.594491071
-0.179878	-1.595098214
-0.180279	-1.596125
-0.180603	-1.600017857
-0.180794	-1.600026786
-0.181214	-1.599875
-0.181672	-1.600571429
-0.181921	-1.600633929
-0.182207	-1.600633929
-0.182283	-1.600446429
-0.182723	-1.6000625
-0.183181	-1.595276786
-0.183372	-1.596116071
-0.183735	-1.597785714
-0.183964	-1.598955357
-0.18425	-1.599964286
-0.184498	-1.600544643
-0.184766	-1.600973214
-0.185071	-1.601696429
-0.185491	-1.6071875
-0.185911	-1.606651786
-0.186007	-1.606875
-0.186465	-1.606794643
-0.186618	-1.607276786
-0.187019	-1.607669643
-0.187344	-1.607919643
-0.187802	-1.608535714
-0.187935	-1.602482143
-0.18826	-1.603071429
-0.188394	-1.603294643
-0.188795	-1.60475
-0.189138	-1.605839286
-0.189425	-1.605866071
-0.189654	-1.605883929
-0.190074	-1.606660714
-0.190571	-1.617392857
-0.190819	-1.616116071
-0.191067	-1.615357143
-0.191392	-1.615017857
-0.191602	-1.615017857
-0.191964	-1.615
-0.192365	-1.614758929
-0.192614	-1.615196429
-0.192957	-1.609901786
-0.193225	-1.611107143
-0.19332	-1.609982143
-0.193645	-1.610785714
-0.194122	-1.612258929
-0.19458	-1.612232143
-0.194733	-1.612830357
-0.19502	-1.613669643
-0.19544	-1.619491071
-0.195516	-1.617553571
-0.195955	-1.618446429
-0.196222	-1.617821429
-0.1967	-1.617928571
-0.197044	-1.618857143
-0.197311	-1.618142857
-0.197502	-1.617732143
-0.197884	-1.612875
-0.198056	-1.614116071
-0.198399	-1.614678571
-0.198819	-1.614767857
-0.199029	-1.615848214
-0.199411	-1.615901786
-0.199583	-1.616232143
-0.199889	-1.617169643
-0.200347	-1.620464286
-0.200557	-1.620017857
-0.200901	-1.620223214
-0.201225	-1.619651786
-0.201454	-1.619526786
-0.201817	-1.620526786
-0.202085	-1.621151786
-0.202352	-1.621428571
-0.202715	-1.616508929
-0.203097	-1.617133929
-0.203364	-1.617276786
-0.20365	-1.6179375
-0.203918	-1.618464286
-0.204242	-1.619482143
-0.204529	-1.617866071
-0.204891	-1.618857143
-0.205197	-1.624642857
-0.205483	-1.624089286
-0.205751	-1.624625
-0.206171	-1.624410714
-0.206438	-1.625160714
-0.206858	-1.625017857
-0.207106	-1.625964286
-0.207412	-1.625973214
-0.207622	-1.619857143
-0.208118	-1.621276786
-0.208137	-1.621767857
-0.208424	-1.622294643
-0.208901	-1.624169643
-0.209245	-1.624214286
-0.209608	-1.624294643
-0.209875	-1.625491071
-0.210142	-1.637116071
-0.21041	-1.635955357
-0.210734	-1.635428571
-0.211078	-1.635294643
-0.211364	-1.635946429
-0.211651	-1.636633929
-0.21209	-1.636080357
-0.212243	-1.636071429
-0.21272	-1.630205357
-0.212968	-1.630803571
-0.213255	-1.631196429
-0.21335	-1.632178571
-0.213904	-1.634071429
-0.214171	-1.63475
-0.214496	-1.634839286
-0.214706	-1.635232143
-0.215164	-1.641348214
-0.215241	-1.641
-0.215756	-1.640714286
-0.215966	-1.641526786
-0.216386	-1.641392857
-0.216539	-1.64225
-0.216921	-1.642267857
-0.217131	-1.6425
-0.217608	-1.637178571
-0.217761	-1.639303571
-0.218124	-1.640098214
-0.218258	-1.640723214
-0.218773	-1.641883929
-0.21906	-1.642651786
-0.219174	-1.643714286
-0.219537	-1.643839286
-0.220072	-1.6478125
-0.220377	-1.648767857
-0.220587	-1.648875
-0.220874	-1.649133929
-0.221332	-1.649571429
-0.22158	-1.650044643
-0.22179	-1.651125
-0.222096	-1.651928571
-0.222458	-1.646660714
-0.222611	-1.648517857
-0.222993	-1.6501875
-0.223356	-1.651276786
-0.223738	-1.652044643
-0.223967	-1.653517857
-0.224349	-1.654294643
-0.224406	-1.654598214
-0.22496	-1.660598214
-0.225189	-1.660651786
-0.225475	-1.661580357
-0.225762	-1.661901786
-0.225972	-1.662669643
-0.226487	-1.6638125
-0.226697	-1.664348214
-0.227022	-1.664875
-0.227423	-1.660321429
-0.227671	-1.661633929
-0.228015	-1.662803571
-0.228301	-1.664241071
-0.228683	-1.665330357
-0.228779	-1.666392857
-0.229142	-1.667660714
-0.229523	-1.668526786
-0.229867	-1.679401786
-0.230211	-1.679419643
-0.230554	-1.680267857
-0.230822	-1.679928571
-0.23107	-1.680946429
-0.231395	-1.6815
-0.231834	-1.6824375
-0.231987	-1.683580357
-0.232292	-1.678732143
-0.232655	-1.680857143
-0.232789	-1.681598214
-0.233113	-1.682875
-0.233476	-1.684446429
-0.233839	-1.6855
-0.234125	-1.686767857
-0.23445	-1.688464286
-0.234774	-1.694839286
-0.23508	-1.694821429
-0.235424	-1.695553571
-0.235691	-1.695973214
-0.235958	-1.697205357
-0.236321	-1.698473214
-0.236703	-1.699151786
-0.236779	-1.7000625
-0.237199	-1.695946429
-0.237581	-1.698339286
-0.237849	-1.699678571
-0.238097	-1.700660714
-0.238498	-1.702375
-0.23888	-1.704321429
-0.239052	-1.705098214
-0.239414	-1.706883929
-0.239586	-1.715080357
-0.239949	-1.715098214
-0.240121	-1.715616071
-0.240484	-1.716892857
-0.240942	-1.718160714
-0.241381	-1.7195625
-0.241457	-1.720589286
-0.241935	-1.721875
-0.242183	-1.716758929
-0.242431	-1.718928571
-0.24266	-1.721035714
-0.242947	-1.722901786
-0.243233	-1.725008929
-0.243672	-1.727276786
-0.243959	-1.729035714
-0.244379	-1.731267857
-0.244799	-1.738035714
-0.244933	-1.738964286
-0.2452	-1.739571429
-0.245391	-1.741098214
-0.245773	-1.743142857
-0.245964	-1.744580357
-0.246498	-1.7469375
-0.246747	-1.748848214
-0.247071	-1.744883929
-0.247396	-1.747205357
-0.247663	-1.749133929
-0.248102	-1.750107143
-0.248312	-1.753571429
-0.248599	-1.755410714
-0.248943	-1.757196429
-0.24921	-1.759517857
-0.249554	-1.771410714
-0.249974	-1.772544643
-0.250126	-1.773651786
-0.250375	-1.774910714
-0.250718	-1.776276786
-0.250947	-1.778633929
-0.251329	-1.780491071
-0.251692	-1.782892857
-0.25194	-1.7786875
-0.252303	-1.781410714
-0.252685	-1.784205357
-0.252914	-1.786526786
-0.253201	-1.789098214
-0.253506	-1.7918125
-0.253964	-1.793982143
-0.254213	-1.796875
-0.254423	-1.803785714
-0.254805	-1.804839286
-0.255053	-1.807401786
-0.25532	-1.809535714
-0.255626	-1.811705357
-0.25595	-1.812508929
-0.256389	-1.815580357
-0.256542	-1.817651786
-0.25679	-1.815098214
-0.257306	-1.818294643
-0.257497	-1.821875
-0.257822	-1.824875
-0.258108	-1.828973214
-0.258375	-1.832026786
-0.258719	-1.835
-0.259101	-1.837919643
-0.259464	-1.843464286
-0.259788	-1.845848214
-0.260017	-1.848321429
-0.260323	-1.850491071
-0.260609	-1.852758929
-0.260724	-1.856285714
-0.261297	-1.859214286
-0.26143	-1.862330357
-0.261984	-1.860669643
-0.26206	-1.865366071
-0.2625	-1.868714286
-0.262862	-1.872910714
-0.263034	-1.8765625
-0.263283	-1.880339286
-0.26376	-1.88425
-0.264123	-1.889017857
-0.264428	-1.897464286
-0.264638	-1.900321429
-0.264829	-1.902553571
-0.265249	-1.9065625
-0.265536	-1.910383929
-0.265803	-1.913866071
-0.266051	-1.918633929
-0.266433	-1.922946429
-0.266681	-1.919892857
-0.266949	-1.924866071
-0.267216	-1.929892857
-0.267617	-1.933696429
-0.267903	-1.937839286
-0.268304	-1.943178571
-0.268667	-1.947625
-0.268877	-1.951928571
-0.269259	-1.965964286
-0.269584	-1.969303571
-0.269908	-1.972401786
-0.270118	-1.975732143
-0.270405	-1.979375
-0.27092	-1.984928571
-0.271207	-1.9894375
-0.271493	-1.993642857
-0.271741	-1.992133929
-0.272104	-1.997410714
-0.272372	-2.000785714
-0.27262	-2.006017857
-0.272849	-2.011008929
-0.273269	-2.016241071
-0.273441	-2.021741071
-0.273842	-2.027205357
-0.274109	-2.037598214
-0.274491	-2.041839286
-0.274797	-2.046017857
-0.275007	-2.050821429
-0.275369	-2.055955357
-0.275675	-2.060508929
-0.276095	-2.066482143
-0.276286	-2.072
-0.276591	-2.071205357
-0.276992	-2.076839286
-0.277317	-2.083258929
-0.277584	-2.088303571
-0.27789	-2.0941875
-0.278329	-2.099526786
-0.27852	-2.105982143
-0.278749	-2.111142857
-0.279207	-2.119598214
-0.279341	-2.124758929
-0.279608	-2.130026786
-0.279952	-2.136026786
-0.280277	-2.141732143
-0.280601	-2.147428571
-0.280869	-2.1539375
-0.281174	-2.160080357
-0.281499	-2.159758929
-0.281919	-2.167116071
-0.282129	-2.173616071
-0.282453	-2.179723214
-0.282759	-2.186526786
-0.283084	-2.193151786
-0.283408	-2.199303571
-0.283733	-2.205660714
-0.283847	-2.216535714
-0.284401	-2.222589286
-0.284668	-2.2288125
-0.284821	-2.236669643
-0.285299	-2.243651786
-0.285528	-2.250196429
-0.285871	-2.256232143
-0.286043	-2.262919643
-0.286501	-2.263696429
-0.286807	-2.271303571
-0.287055	-2.2789375
-0.287399	-2.285758929
-0.287914	-2.292901786
-0.288067	-2.300892857
-0.288468	-2.308303571
-0.28864	-2.314955357
-0.289079	-2.331571429
-0.289213	-2.3378125
-0.289518	-2.344946429
-0.289977	-2.353107143
-0.290187	-2.360848214
-0.29055	-2.367241071
-0.290931	-2.374955357
-0.291161	-2.382616071
-0.291256	-2.3848125
-0.291714	-2.393732143
-0.291963	-2.401633929
-0.292402	-2.409973214
-0.292593	-2.417553571
-0.29286	-2.426241071
-0.293261	-2.434410714
-0.293395	-2.442142857
-0.293853	-2.455392857
-0.294216	-2.464339286
-0.294502	-2.4718125
-0.294769	-2.479982143
-0.295018	-2.487401786
-0.295514	-2.495160714
-0.295724	-2.504098214
-0.29603	-2.5128125
-0.296392	-2.515633929
-0.296717	-2.524830357
-0.297042	-2.5346875
-0.297309	-2.544535714
-0.297557	-2.553696429
-0.297958	-2.562669643
-0.298149	-2.571357143
-0.298436	-2.580089286
-0.298741	-2.592883929
-0.298932	-2.602580357
-0.299257	-2.611928571
-0.299658	-2.621848214
-0.299887	-2.631517857
-0.30025	-2.641705357
-0.300631	-2.651089286
-0.300326	-2.536544643
-0.299944	-2.4376875
-0.299734	-2.345875
-0.299428	-2.260339286
-0.299047	-2.179071429
-0.298798	-2.101285714
-0.298474	-2.023044643
-0.298283	-1.951410714
-0.297882	-1.883169643
-0.297481	-1.815267857
-0.297156	-1.749892857
-0.296889	-1.687133929
-0.296622	-1.626
-0.296297	-1.5660625
-0.295934	-1.513633929
-0.29561	-1.456053571
-0.295438	-1.401133929
-0.295056	-1.347321429
-0.294922	-1.294008929
-0.294502	-1.242294643
-0.294101	-1.190910714
-0.293777	-1.141589286
-0.293528	-1.089339286
-0.293261	-1.042973214
-0.29286	-0.997116071
-0.292612	-0.952205357
-0.29223	-0.907375
-0.292077	-0.864575
-0.291504	-0.822739286
-0.291313	-0.78058125
-0.291122	-0.744666964
-0.290836	-0.703917857
-0.29053	-0.664238393
-0.290282	-0.625672321
-0.289958	-0.5868
-0.289614	-0.549100893
-0.289289	-0.5123
-0.289041	-0.475813393
-0.28864	-0.430534821
-0.287895	-0.363852679
-0.287685	-0.330328571
-0.287303	-0.297103571
-0.287017	-0.265885714
-0.286864	-0.23420625
-0.286501	-0.202796429
-0.286196	-0.177465179
-0.285948	-0.146704464
-0.285566	-0.116752679
-0.285146	-0.087603839
-0.28484	-0.057597054
-0.284726	-0.029025357
-0.28421	-0.002292054
-0.283962	0.023925893
-0.283733	0.056696786
-0.28337	0.082778304
-0.283007	0.107948214
-0.28274	0.133777679
-0.282492	0.158605357
-0.282186	0.183770536
-0.281919	0.208042857
-0.281594	0.231550893
-0.281231	0.249476786
-0.280983	0.273384821
-0.280582	0.297038393
-0.280315	0.320190179
-0.279933	0.34259375
-0.27978	0.364583929
-0.279551	0.385970536
-0.279131	0.406875893
-0.278711	0.430150893
-0.27852	0.449746429
-0.278176	0.470122321
-0.277909	0.489129464
-0.277642	0.509233036
-0.277241	0.528701786
-0.27705	0.547376786
-0.27663	0.565633036
-0.276362	0.577978571
-0.275999	0.596555357
-0.275599	0.614302679
-0.275446	0.631803571
-0.27514	0.649358929
-0.274854	0.666315179
-0.274567	0.682413393
-0.274281	0.698749107
-0.273861	0.7201
-0.273651	0.735778571
-0.273193	0.750816964
-0.272944	0.765495536
-0.272601	0.780580357
-0.272314	0.794858929
-0.272066	0.809390179
-0.271741	0.822979464
-0.271436	0.831105357
-0.271111	0.845454464
-0.270844	0.859441071
-0.270519	0.873559821
-0.269947	0.899642857
-0.269584	0.9124375
-0.269221	0.924955357
-0.26882	0.946955357
-0.268591	0.958
-0.26819	0.969517857
-0.267999	0.980392857
-0.267655	0.991857143
-0.267311	1.002857143
-0.267006	1.013160714
-0.266605	1.023571429
-0.266643	1.028758929
-0.266338	1.039169643
-0.265918	1.049776786
-0.265612	1.059205357
-0.265307	1.0691875
-0.265039	1.0791875
-0.264657	1.088633929
-0.264295	1.097901786
-0.263989	1.112276786
-0.263607	1.120339286
-0.26334	1.128830357
-0.263034	1.138151786
-0.262805	1.145285714
-0.262385	1.153357143
-0.262175	1.161044643
-0.261793	1.169125
-0.261507	1.170857143
-0.261201	1.179553571
-0.260838	1.187535714
-0.260628	1.195160714
-0.26038	1.202651786
-0.260056	1.210294643
-0.259865	1.217196429
-0.259368	1.223642857
-0.25912	1.233767857
-0.258853	1.239991071
-0.258337	1.246848214
-0.258356	1.253401786
-0.257879	1.259589286
-0.257688	1.265383929
-0.257287	1.270741071
-0.256962	1.275821429
-0.256676	1.276125
-0.256313	1.282946429
-0.256065	1.288080357
-0.255778	1.293651786
-0.255339	1.299910714
-0.255148	1.305116071
-0.254747	1.310348214
-0.254404	1.3154375
-0.254155	1.3256875
-0.25385	1.330303571
-0.253506	1.334142857
-0.253201	1.338419643
-0.252952	1.342723214
-0.252781	1.347223214
-0.252265	1.351357143
-0.252036	1.355723214
-0.251845	1.354008929
-0.251368	1.358919643
-0.251138	1.363267857
-0.250642	1.366964286
-0.250413	1.370928571
-0.249993	1.3740625
-0.249897	1.377883929
-0.249687	1.381026786
-0.249305	1.395651786
-0.248962	1.397178571
-0.248637	1.398883929
-0.248217	1.401946429
-0.247988	1.404919643
-0.24774	1.407321429
-0.2473	1.409875
-0.247071	1.412196429
-0.246842	1.409589286
-0.246537	1.412169643
-0.246231	1.415410714
-0.245792	1.418401786
-0.245486	1.421026786
-0.245429	1.423071429
-0.244914	1.424080357
-0.244684	1.426857143
-0.244207	1.434660714
-0.244112	1.436125
-0.243653	1.437401786
-0.243291	1.439008929
-0.243004	1.440955357
-0.242851	1.443267857
-0.242508	1.444964286
-0.242088	1.446625
-0.241725	1.442910714
-0.241419	1.444598214
-0.241114	1.446607143
-0.240961	1.448214286
-0.240675	1.451035714
-0.240312	1.452410714
-0.23993	1.4525
-0.239758	1.454660714
-0.239319	1.462267857
-0.23909	1.462571429
-0.238822	1.463955357
-0.238383	1.464928571
-0.238154	1.465794643
-0.237944	1.465964286
-0.237581	1.466580357
-0.237295	1.467732143
-0.236837	1.463089286
-0.236569	1.464196429
-0.236264	1.466357143
-0.23613	1.467267857
-0.235653	1.468053571
-0.2355	1.469321429
-0.235137	1.470705357
-0.234813	1.471
-0.234545	1.477544643
-0.234163	1.477955357
-0.233648	1.478633929
-0.233457	1.478741071
-0.23317	1.479017857
-0.23298	1.479276786
-0.232598	1.479285714
-0.232311	1.479375
-0.231929	1.472946429
-0.2317	1.475133929
-0.231528	1.47425
-0.231108	1.474946429
-0.230898	1.475383929
-0.230516	1.475723214
-0.230268	1.475651786
-0.229829	1.4765
-0.229638	1.486232143
-0.229218	1.4854375
-0.228893	1.485071429
-0.228607	1.484482143
-0.228397	1.483910714
-0.22811	1.482785714
-0.227786	1.483133929
-0.227538	1.482455357
-0.227079	1.475785714
-0.226831	1.475571429
-0.226449	1.475732143
-0.226144	1.476303571
-0.225704	1.477196429
-0.225437	1.476678571
-0.22517	1.476848214
-0.22475	1.476982143
-0.224635	1.481830357
-0.224158	1.480669643
-0.223929	1.480178571
-0.223757	1.480339286
-0.223375	1.47975
-0.223031	1.479
-0.22263	1.478642857
-0.222325	1.477705357
-0.222172	1.471241071
-0.221981	1.4710625
-0.221504	1.471116071
-0.221255	1.471491071
-0.22074	1.471651786
-0.220606	1.471196429
-0.220377	1.470205357
-0.220033	1.470196429
-0.219747	1.472580357
-0.219308	1.470821429
-0.219174	1.470339286
-0.218678	1.469973214
-0.218429	1.469339286
-0.2182	1.468651786
-0.217723	1.467883929
-0.21757	1.467616071
-0.217303	1.461223214
-0.217016	1.461196429
-0.216615	1.461241071
-0.216272	1.460910714
-0.21589	1.461080357
-0.215565	1.460223214
-0.21547	1.460142857
-0.215298	1.460642857
-0.214916	1.464651786
-0.21442	1.463205357
-0.214229	1.461696429
-0.213923	1.461392857
-0.213522	1.461205357
-0.21314	1.460410714
-0.212835	1.459464286
-0.212567	1.45875
-0.212319	1.451392857
-0.211861	1.4515625
-0.211708	1.451544643
-0.211441	1.451276786
-0.211078	1.450571429
-0.210715	1.450357143
-0.210505	1.449339286
-0.210238	1.449285714
-0.209818	1.458464286
-0.209417	1.456428571
-0.209245	1.454419643
-0.208901	1.453508929
-0.208577	1.453178571
-0.208137	1.452767857
-0.20808	1.450946429
-0.207622	1.448991071
-0.207412	1.442232143
-0.207049	1.442178571
-0.206667	1.441741071
-0.206419	1.441419643
-0.206247	1.440866071
-0.205884	1.440455357
-0.205445	1.439160714
-0.205292	1.438651786
-0.204872	1.443571429
-0.204624	1.441946429
-0.204338	1.440705357
-0.204013	1.4395
-0.20365	1.438348214
-0.203402	1.437794643
-0.202944	1.437044643
-0.202829	1.436017857
-0.20239	1.428544643
-0.202161	1.429357143
-0.201913	1.428571429
-0.201741	1.428517857
-0.201206	1.427901786
-0.200958	1.427589286
-0.200481	1.427160714
-0.200156	1.427392857
-0.199831	1.429169643
-0.199621	1.427321429
-0.199335	1.425821429
-0.199048	1.425232143
-0.198686	1.424964286
-0.198266	1.423964286
-0.198094	1.422330357
-0.197826	1.423464286
-0.197616	1.417133929
-0.197177	1.416044643
-0.196814	1.415508929
-0.196585	1.415901786
-0.196222	1.415821429
-0.195974	1.415098214
-0.19586	1.414482143
-0.195344	1.413919643
-0.195058	1.417535714
-0.194829	1.416642857
-0.19458	1.414928571
-0.194179	1.413580357
-0.193912	1.413892857
-0.193587	1.413142857
-0.193301	1.411544643
-0.192843	1.410794643
-0.192614	1.405053571
-0.19227	1.405678571
-0.192041	1.40525
-0.191735	1.405375
-0.191372	1.4043125
-0.190991	1.4034375
-0.190761	1.402901786
-0.190456	1.402008929
-0.190227	1.411080357
-0.189883	1.409464286
-0.189692	1.407857143
-0.189158	1.406803571
-0.188833	1.4066875
-0.188623	1.405491071
-0.188413	1.404205357
-0.187974	1.403241071
-0.187687	1.397133929
-0.187248	1.396857143
-0.187057	1.396625
-0.186809	1.396785714
-0.186446	1.395946429
-0.186045	1.3953125
-0.185816	1.394607143
-0.18551	1.3945
-0.185224	1.398473214
-0.185033	1.397285714
-0.184479	1.396169643
-0.184269	1.394991071
-0.183849	1.394160714
-0.183696	1.393928571
-0.183296	1.393294643
-0.183009	1.392714286
-0.182589	1.386446429
-0.182303	1.386785714
-0.182112	1.386339286
-0.181749	1.3863125
-0.181462	1.385821429
-0.181081	1.385839286
-0.180966	1.385071429
-0.180565	1.385669643
-0.180431	1.388205357
-0.180126	1.387544643
-0.179744	1.387205357
-0.179458	1.386258929
-0.178923	1.385955357
-0.178541	1.3856875
-0.178388	1.384955357
-0.178121	1.385214286
-0.177815	1.378964286
-0.177586	1.379169643
-0.177319	1.378928571
-0.176689	1.378517857
-0.17646	1.377678571
-0.176211	1.376794643
-0.17602	1.376794643
-0.175677	1.376955357
-0.175219	1.381830357
-0.174894	1.380794643
-0.174627	1.379294643
-0.174493	1.380116071
-0.174187	1.379633929
-0.173882	1.378223214
-0.173595	1.377892857
-0.173347	1.375991071
-0.172946	1.368678571
-0.172679	1.369383929
-0.172278	1.369848214
-0.171953	1.369446429
-0.171724	1.369446429
-0.171457	1.369758929
-0.17098	1.369258929
-0.170636	1.369214286
-0.170388	1.378678571
-0.170006	1.376482143
-0.169834	1.375785714
-0.169624	1.374848214
-0.169318	1.373821429
-0.168841	1.373178571
-0.168669	1.373098214
-0.168249	1.371991071
-0.167886	1.365848214
-0.167543	1.366017857
-0.167237	1.366178571
-0.166893	1.365839286
-0.166702	1.365767857
-0.166435	1.36575
-0.166301	1.3653125
-0.165767	1.365205357
-0.165461	1.3700625
-0.165194	1.369464286
-0.16485	1.368580357
-0.164602	1.368
-0.164296	1.367705357
-0.163991	1.367678571
-0.163685	1.367080357
-0.163399	1.366758929
-0.16317	1.360392857
-0.162788	1.361651786
-0.162482	1.3623125
-0.162101	1.361160714
-0.161814	1.360785714
-0.161585	1.360875
-0.161375	1.361491071
-0.160974	1.360910714
-0.160554	1.369053571
-0.160229	1.368133929
-0.159847	1.366035714
-0.159599	1.365035714
-0.159275	1.365142857
-0.159045	1.3650625
-0.158721	1.364848214
-0.158453	1.365392857
-0.158053	1.358473214
-0.157785	1.358473214
-0.157575	1.359535714
