-0.157193	5.366678571
-0.15685	5.370660714
-0.156697	5.374294643
-0.156181	5.378571429
-0.155895	5.381875
-0.155647	5.392223214
-0.155207	5.395732143
-0.15494	5.399
-0.154749	5.401151786
-0.154272	5.4048125
-0.1541	5.4078125
-0.153871	5.4110625
-0.153508	5.413705357
-0.153241	5.409875
-0.152859	5.413758929
-0.152591	5.417660714
-0.15221	5.420535714
-0.15198	5.424883929
-0.151637	5.428205357
-0.15135	5.430196429
-0.151064	5.434660714
-0.150758	5.451410714
-0.150281	5.453026786
-0.150128	5.454982143
-0.149918	5.458821429
-0.149422	5.462696429
-0.14904	5.464866071
-0.148849	5.467991071
-0.148543	5.471116071
-0.1482	5.467642857
-0.148028	5.47075
-0.147665	5.473142857
-0.147283	5.476339286
-0.147016	5.480071429
-0.146729	5.483116071
-0.146443	5.486294643
-0.146099	5.489598214
-0.145775	5.500348214
-0.145546	5.502294643
-0.14503	5.504955357
-0.144858	5.507544643
-0.144419	5.509357143
-0.144113	5.512160714
-0.14398	5.514526786
-0.143522	5.518758929
-0.143197	5.513830357
-0.143006	5.519848214
-0.142796	5.523455357
-0.142414	5.524633929
-0.142051	5.528660714
-0.14186	5.5309375
-0.141421	5.5346875
-0.141173	5.538401786
-0.141001	5.545303571
-0.140505	5.547392857
-0.140333	5.550080357
-0.140027	5.554017857
-0.139664	5.556276786
-0.139283	5.558491071
-0.139015	5.561732143
-0.138729	5.564580357
-0.138423	5.560866071
-0.138137	5.564383929
-0.13787	5.568473214
-0.13745	5.571133929
-0.137259	5.574214286
-0.136953	5.577089286
-0.136552	5.580142857
-0.136227	5.582776786
-0.136037	5.593241071
-0.13554	5.595455357
-0.135235	5.597383929
-0.135024	5.600357143
-0.134872	5.603455357
-0.134337	5.607205357
-0.134146	5.608616071
-0.133764	5.611642857
-0.133401	5.607803571
-0.133134	5.610428571
-0.132867	5.613544643
-0.132657	5.616830357
-0.132179	5.619839286
-0.132141	5.624214286
-0.131683	5.626196429
-0.131148	5.628875
-0.130957	5.645669643
-0.130728	5.647446429
-0.130327	5.648839286
-0.129907	5.652517857
-0.129869	5.654955357
-0.129449	5.6569375
-0.129067	5.659401786
-0.128819	5.662419643
-0.128513	5.657214286
-0.128112	5.661276786
-0.128074	5.663803571
-0.127692	5.666892857
-0.127272	5.670330357
-0.126909	5.675241071
-0.126833	5.6776875
-0.12647	5.679803571
-0.126012	5.689285714
-0.125764	5.691223214
-0.125363	5.694125
-0.125076	5.695830357
-0.124904	5.698044643
-0.124332	5.700571429
-0.124293	5.703017857
-0.124007	5.706223214
-0.123453	5.701
-0.1233	5.704964286
-0.123033	5.707125
-0.122594	5.710651786
-0.12225	5.715758929
-0.12225	5.715848214
-0.121716	5.7178125
-0.121429	5.720651786
-0.121276	5.727571429
-0.120818	5.7289375
-0.120589	5.732026786
-0.120264	5.734428571
-0.119806	5.737375
-0.119596	5.739178571
-0.11931	5.741741071
-0.118985	5.7446875
-0.118718	5.740205357
-0.118489	5.744053571
-0.118088	5.746839286
-0.117801	5.747607143
-0.117553	5.751321429
-0.117057	5.754348214
-0.116942	5.756348214
-0.116598	5.759669643
-0.116083	5.7679375
-0.11593	5.7698125
-0.115815	5.77225
-0.115204	5.774
-0.114994	5.775839286
-0.114784	5.778714286
-0.114231	5.780491071
-0.113906	5.782598214
-0.113849	5.777508929
-0.113467	5.781366071
-0.113161	5.784696429
-0.11297	5.787892857
-0.112531	5.7896875
-0.112092	5.792303571
-0.111996	5.793482143
-0.111653	5.795678571
-0.111233	5.811383929
-0.111023	5.811660714
-0.110564	5.813491071
-0.110278	5.816
-0.110087	5.817508929
-0.109762	5.819535714
-0.1094	5.821678571
-0.109132	5.822401786
-0.108808	5.81775
-0.108483	5.820517857
-0.10812	5.822732143
-0.108006	5.824946429
-0.107547	5.826705357
-0.107337	5.830633929
-0.107108	5.8316875
-0.106784	5.833366071
-0.106459	5.842080357
-0.106192	5.842571429
-0.105657	5.844651786
-0.105504	5.846160714
-0.105065	5.848982143
-0.104779	5.850910714
-0.104588	5.852169643
-0.104091	5.854
-0.103824	5.847767857
-0.10369	5.851044643
-0.103328	5.852964286
-0.102907	5.854964286
-0.102678	5.857151786
-0.102335	5.859080357
-0.102048	5.861125
-0.101895	5.862142857
-0.101437	5.869160714
-0.101132	5.871214286
-0.100845	5.872821429
-0.100578	5.873125
-0.100158	5.876017857
-0.0999669	5.878196429
-0.0996805	5.879455357
-0.099184	5.8813125
-0.0988976	5.875705357
-0.0987067	5.878919643
-0.0984584	5.880419643
-0.0980193	5.882160714
-0.0979238	5.884901786
-0.0975419	5.887455357
-0.0971218	5.888357143
-0.0968736	5.88875
-0.0964344	5.898044643
-0.0961671	5.898785714
-0.0960716	5.899017857
-0.0956134	5.901232143
-0.0952697	5.902785714
-0.0950023	5.904535714
-0.0947541	5.905741071
-0.0943149	5.907258929
-0.0940858	5.901517857
-0.0938758	5.903973214
-0.0933602	5.904616071
-0.0931502	5.906571429
-0.0929019	5.909660714
-0.0925391	5.910589286
-0.0922145	5.911517857
-0.0920427	5.913196429
-0.091508	5.927776786
-0.0912407	5.928008929
-0.0909925	5.928741071
-0.090496	5.929410714
-0.0903624	5.930776786
-0.0901332	5.931910714
-0.089675	5.933714286
-0.0893694	5.934339286
-0.0891594	5.927955357
-0.0887202	5.928928571
-0.0884911	5.929339286
-0.0881474	5.9308125
-0.0880519	5.933107143
-0.0876127	5.934973214
-0.0873645	5.935428571
-0.0869253	5.936696429
-0.0866007	5.944508929
-0.0863525	5.944366071
-0.0860088	5.945482143
-0.0856078	5.9475625
-0.0854742	5.949133929
-0.0851495	5.951303571
-0.0846722	5.950625
-0.0845767	5.951633929
-0.0843667	5.945044643
-0.0838893	5.946946429
-0.0836984	5.948017857
-0.0831637	5.950544643
-0.0831255	5.950973214
-0.0827245	5.951928571
-0.0823999	5.953455357
-0.0821326	5.953741071
-0.0816934	5.962821429
-0.0813497	5.962607143
-0.0809678	5.964508929
-0.0807196	5.964946429
-0.0804523	5.965589286
-0.0803186	5.965508929
-0.0798986	5.966232143
-0.079593	5.967214286
-0.0792493	5.960526786
-0.0790584	5.963142857
-0.0786956	5.962526786
-0.0783328	5.9628125
-0.0782564	5.965303571
-0.0777982	5.967071429
-0.0773781	5.9689375
-0.0771298	5.969044643
-0.0767098	5.976839286
-0.0766334	5.976625
-0.0761942	5.9774375
-0.0759078	5.978035714
-0.0756596	5.978544643
-0.0752586	5.979026786
-0.0750867	5.97925
-0.0746285	5.977839286
-0.0743611	5.970839286
-0.0741129	5.972883929
-0.073922	5.9755625
-0.073521	5.975901786
-0.0731391	5.977
-0.0729481	5.977553571
-0.0724517	5.977848214
-0.0721844	5.977875
-0.071917	5.992223214
-0.0715733	5.991803571
-0.0711723	5.991133929
-0.071096	5.9916875
-0.0706568	5.9921875
-0.0702176	5.993098214
-0.0699885	5.993392857
-0.0698548	5.993223214
-0.0694347	5.987035714
-0.0692629	5.987589286
-0.0689001	5.987758929
-0.0683845	5.988071429
-0.0683273	5.989258929
-0.0679454	5.989946429
-0.0675444	5.989821429
-0.0671625	5.990464286
-0.0670097	5.997973214
-0.0665706	5.9964375
-0.0663605	5.996392857
-0.0660741	5.996482143
-0.0657113	5.996973214
-0.0653676	5.997428571
-0.0652149	5.997267857
-0.0647948	5.998196429
-0.0645274	5.989553571
-0.0641646	5.990767857
-0.0638973	5.991482143
-0.0636491	5.991633929
-0.0631908	5.991901786
-0.0629617	5.993535714
-0.0627135	5.993133929
-0.0623507	5.993196429
-0.0621024	5.9964375
-0.0617969	5.995303571
-0.0614341	5.996053571
-0.0612432	5.9966875
-0.0607467	5.9963125
-0.0604603	5.996375
-0.0601357	5.996785714
-0.0597729	5.9963125
-0.0596583	5.989375
-0.0592383	5.989741071
-0.0590091	5.989991071
-0.0587418	5.9905
-0.0584554	5.990580357
-0.057978	5.990535714
-0.0578825	5.990491071
-0.0575197	5.990303571
-0.0570615	5.997767857
-0.0568323	5.997080357
-0.0566223	5.995607143
-0.0560877	5.996107143
-0.0558776	5.995857143
-0.0556103	5.996160714
-0.0551711	5.995223214
-0.0550184	5.9946875
-0.0547319	5.986214286
-0.0542737	5.986276786
-0.0540636	5.987241071
-0.053739	5.987071429
-0.0534526	5.986714286
-0.0531471	5.986741071
-0.0528989	5.985348214
-0.0524406	5.985258929
-0.052116	5.998321429
-0.0518487	5.997580357
-0.0516004	5.996491071
-0.0511995	5.995723214
-0.0510085	5.995535714
-0.0506266	5.994008929
-0.0502829	5.993839286
-0.050092	5.99375
-0.0496146	5.984080357
-0.0493473	5.983732143
-0.0491182	5.982366071
-0.0489272	5.983196429
-0.048488	5.9825625
-0.0482207	5.983116071
-0.0479725	5.981285714
-0.0473996	5.9815625
-0.0472278	5.987705357
-0.0469223	5.985580357
-0.0465404	5.984446429
-0.0462922	5.983714286
-0.0460821	5.983794643
-0.0457957	5.983035714
-0.0453565	5.981758929
-0.0450319	5.980758929
-0.0449174	5.971535714
-0.0445546	5.971669643
-0.0441154	5.971205357
-0.0440963	5.971080357
-0.0435807	5.972071429
-0.0432179	5.970910714
-0.0430461	5.968758929
-0.0427024	5.968214286
-0.0422441	5.970767857
-0.0420723	5.969303571
-0.041614	5.968455357
-0.0412894	5.9665625
-0.041003	5.965428571
-0.0408311	5.964696429
-0.040411	5.963116071
-0.0400673	5.962973214
-0.0399528	5.9538125
-0.0396091	5.954080357
-0.039189	5.9531875
-0.039189	5.950598214
-0.0386734	5.950991071
-0.0384061	5.949991071
-0.0381006	5.948142857
-0.037776	5.947366071
-0.0373941	5.954169643
-0.0370886	5.952133929
-0.0367831	5.9495625
-0.0365348	5.948901786
-0.0360766	5.947455357
-0.0359811	5.944491071
-0.0355992	5.9443125
-0.0352364	5.943133929
-0.0349118	5.9341875
-0.0347781	5.933821429
-0.0343008	5.932473214
-0.0339762	5.932053571
-0.0337089	5.930330357
-0.0334224	5.929839286
-0.0331169	5.92725
-0.0327732	5.926553571
-0.0326014	5.938053571
-0.0321813	5.935053571
-0.0318185	5.933866071
-0.0316657	5.932223214
-0.0312457	5.930223214
-0.0308829	5.928142857
-0.0305392	5.927008929
-0.0303482	5.925767857
-0.0300236	5.9163125
-0.0296226	5.915017857
-0.0294508	5.912660714
-0.0290689	5.911946429
-0.0287443	5.910526786
-0.0285724	5.908651786
-0.0282478	5.907348214
-0.0278277	5.905294643
-0.0275413	5.911160714
-0.0272358	5.907857143
-0.0269303	5.905571429
-0.0265293	5.904044643
-0.0263384	5.901571429
-0.0261665	5.899473214
-0.0255937	5.897839286
-0.0254982	5.895767857
-0.0251354	5.886642857
-0.0249826	5.885160714
-0.0245053	5.884553571
-0.0241425	5.882517857
-0.0239324	5.881151786
-0.0235506	5.879285714
-0.0233023	5.8766875
-0.0230159	5.874544643
-0.0226722	5.876785714
-0.0222521	5.874151786
-0.022023	5.873071429
-0.0216793	5.8721875
-0.0213165	5.8695
-0.0210683	5.866776786
-0.0208009	5.865785714
-0.0204572	5.861875
-0.0201708	5.852625
-0.0200372	5.852410714
-0.0195789	5.849151786
-0.0191397	5.848348214
-0.0191015	5.846241071
-0.0187005	5.843607143
-0.018395	5.841723214
-0.0181086	5.839160714
-0.0178222	5.843857143
-0.0173066	5.841107143
-0.0171348	5.837955357
-0.0168102	5.836714286
-0.0165238	5.835294643
-0.0162183	5.832017857
-0.0158936	5.830071429
-0.0155499	5.825758929
-0.0152062	5.816419643
-0.0149962	5.814017857
-0.0146525	5.813053571
-0.0144425	5.811035714
-0.0140224	5.809598214
-0.0137551	5.8065625
-0.0133541	5.803375
-0.0132013	5.801517857
-0.0128385	5.811776786
-0.0122848	5.807419643
-0.0120556	5.805883929
-0.0118456	5.803196429
-0.0114637	5.799678571
-0.0111391	5.796642857
-0.0109673	5.7936875
-0.0105472	5.789875
-0.0104326	5.780491071
-0.0102035	5.777017857
-0.00969	5.774848214
-0.00948	5.772383929
-0.00913	5.770642857
-0.0087	5.767991071
-0.00845	5.763723214
-0.00824	5.762026786
-0.00784	5.766866071
-0.00747	5.762910714
-0.00732	5.759303571
-0.00682	5.756464286
-0.00667	5.7530625
-0.00644	5.749633929
-0.00579	5.747232143
-0.00572	5.743892857
-0.00556	5.732383929
-0.00511	5.730901786
-0.00491	5.726678571
-0.00463	5.724089286
-0.00411	5.721392857
-0.00398	5.719339286
-0.00348	5.716705357
-0.00323	5.713616071
-0.00297	5.727607143
-0.0026	5.722160714
-0.00216	5.7195
-0.00192	5.715294643
-0.00153	5.71
-0.00123	5.707044643
-9.62E-4	5.702544643
-6.75E-4	5.700107143
-5.42E-4	5.687714286
-4.52E-5	5.685464286
1.27E-4	5.683410714
4.13E-4	5.679875
8.14E-4	5.675928571
0.00116	5.672392857
0.00146	5.669196429
0.00169	5.665758929
0.00202	5.667830357
0.0023	5.663696429
0.00257	5.658741071
0.00301	5.655446429
0.00328	5.651160714
0.00362	5.647705357
0.00383	5.643866071
0.00421	5.639830357
0.00444	5.627366071
0.00461	5.624125
0.00505	5.621714286
0.00538	5.618
0.00559	5.614258929
0.0061	5.609883929
0.00624	5.606276786
0.00662	5.602169643
0.00715	5.610375
0.00738	5.605142857
0.00744	5.6010625
0.00788	5.595366071
0.00811	5.59275
0.00855	5.5875
0.00899	5.583232143
0.0091	5.578910714
0.00939	5.566598214
0.00988	5.5633125
0.01	5.559723214
0.0103995	5.555196429
0.0107051	5.550678571
0.0109724	5.546526786
0.0112015	5.5426875
0.0116407	5.537892857
0.0118316	5.540464286
0.0122135	5.533866071
0.0126527	5.5286875
0.0128818	5.523919643
0.0132064	5.520866071
0.0135119	5.516785714
0.0139129	5.51175
0.0139893	5.506732143
0.0142948	5.493392857
0.0146767	5.489482143
0.0149059	5.483910714
0.0153641	5.480366071
0.0156505	5.476669643
0.0158988	5.472455357
0.0163379	5.467455357
0.0165098	5.462
0.0167771	5.46075
0.0171781	5.4555
0.0174072	5.450241071
0.0176555	5.445580357
0.0180755	5.441571429
0.0184383	5.435723214
0.0186293	5.429973214
0.0189539	5.426044643
0.0192976	5.412848214
0.0196604	5.4079375
0.019985	5.403892857
0.0200996	5.398589286
0.0205196	5.3935
0.0209206	5.388491071
0.0209588	5.384741071
0.0215889	5.379678571
0.0216844	5.380508929
0.0220663	5.373696429
0.0223145	5.368383929
0.0226773	5.363303571
0.0230019	5.357973214
0.0234411	5.352794643
0.0235557	5.346633929
0.0237275	5.340053571
0.0242622	5.327776786
0.0244722	5.3223125
0.0248541	5.317598214
0.0251787	5.312535714
0.0253506	5.307678571
0.0257706	5.301973214
0.0261334	5.295401786
0.0264771	5.289883929
0.0267445	5.297
0.0269163	5.290794643
0.0272409	5.283669643
0.0276992	5.2778125
0.0279856	5.272339286
0.0281766	5.265241071
0.0287303	5.259214286
0.0288831	5.253535714
0.0291122	5.239276786
0.0295514	5.234892857
0.0297423	5.229205357
0.0300478	5.223553571
0.0304488	5.2165
0.030697	5.210839286
0.0310025	5.204660714
0.0314035	5.199946429
0.0316518	5.199723214
0.0319191	5.192678571
0.0323774	5.1864375
0.0326256	5.178785714
0.0328738	5.172901786
0.0331411	5.165741071
0.0334276	5.16075
0.0338094	5.153696429
0.0341722	5.137785714
0.0344014	5.131660714
0.0346496	5.1255
0.0348787	5.119696429
0.0352415	5.112267857
0.0355471	5.106928571
0.0359862	5.0996875
0.0361772	5.094008929
0.03654	5.089776786
0.0368646	5.082089286
0.0372465	5.075705357
0.0376284	5.068732143
0.0378193	5.062017857
0.0380484	5.055
0.0384494	5.048089286
0.0385831	5.040848214
0.0388122	5.024901786
0.0393087	5.019169643
0.0394996	5.013419643
0.0399197	5.004848214
0.0403207	4.998633929
0.0404925	4.991651786
0.0407217	4.984205357
0.0413327	4.977446429
0.0413136	4.976053571
0.0416764	4.968178571
0.042192	4.961
0.0423065	4.952714286
0.0425357	4.945455357
0.0431658	4.937883929
0.0432803	4.929714286
0.0435668	4.922026786
0.0439296	4.906919643
0.0441587	4.900446429
0.0443496	4.893026786
0.0447124	4.885491071
0.0451516	4.879357143
0.0453235	4.8718125
0.0457244	4.8624375
0.0459727	4.855330357
0.0463737	4.860080357
0.0468319	4.8499375
0.0470038	4.841571429
0.0471756	4.833848214
0.0477485	4.826357143
0.048054	4.817214286
0.0482067	4.808848214
0.0484741	4.800205357
0.0489896	4.784982143
0.0491233	4.778366071
0.0494288	4.769973214
0.0498298	4.763517857
0.0501735	4.754633929
0.050288	4.746839286
0.0507272	4.738276786
0.0508991	4.731357143
0.0513764	4.729116071
0.0517392	4.720026786
0.0518538	4.710535714
0.0521784	4.7035
0.052694	4.695178571
0.0527512	4.686892857
0.0532286	4.678669643
0.0534959	4.670928571
0.0538587	4.653616071
0.0540497	4.6461875
0.0543743	4.639276786
0.0546225	4.631830357
0.054928	4.62325
0.055329	4.616169643
0.0554818	4.607258929
0.0558827	4.599080357
0.0563028	4.5945625
0.0564938	4.5861875
0.0568566	4.578758929
0.0572194	4.569517857
0.0574485	4.561160714
0.0577922	4.552633929
0.0583459	4.544714286
0.0583841	4.537875
0.0585369	4.522223214
0.0590142	4.515044643
0.0593007	4.507035714
0.0596444	4.4998125
0.0600263	4.491375
0.0601981	4.484473214
0.0605227	4.475785714
0.0608091	4.468071429
0.0610574	4.467223214
0.0613438	4.459410714
0.061802	4.450133929
0.0620885	4.441741071
0.0623749	4.433669643
0.0628141	4.425991071
0.0629668	4.417142857
0.0632723	4.408991071
0.0635587	4.3934375
0.0640552	4.387071429
0.064208	4.3805625
0.0645135	4.372919643
0.0648954	4.364919643
0.0650672	4.358339286
0.06543	4.349303571
0.0657737	4.341669643
0.066041	4.346401786
0.0663465	4.3380625
0.0667857	4.329035714
0.0669767	4.321375
0.0672249	4.313160714
0.0676068	4.304714286
0.0679505	4.297625
0.0682178	4.290455357
0.0685233	4.275446429
0.0688861	4.268223214
0.069058	4.261223214
0.0693444	4.253535714
0.0696881	4.2451875
0.0701273	4.238803571
0.0703564	4.230383929
0.0707574	4.223767857
0.0711775	4.222392857
0.0713111	4.214491071
0.0717121	4.206535714
0.0720367	4.199633929
0.0721895	4.191089286
0.0726096	4.184732143
0.072896	4.176589286
0.0732206	4.169133929
0.0734497	4.154160714
0.0739271	4.147785714
0.0740226	4.140875
0.0743281	4.135196429
0.0747291	4.1275625
0.0750346	4.120357143
0.0751682	4.112508929
0.0755501	4.105776786
0.0759511	4.106964286
0.0762757	4.099464286
0.076543	4.091589286
0.0769631	4.084598214
0.0772304	4.076544643
0.0773068	4.0696875
0.0778797	4.062464286
0.0781279	4.055982143
0.0783952	4.041491071
0.0787389	4.035839286
0.0790826	4.029473214
0.0792736	4.021517857
0.0795791	4.015973214
0.0800373	4.010071429
0.0801137	4.0031875
0.080572	3.996758929
0.0808966	3.9961875
0.0811639	3.989410714
0.0815076	3.981830357
0.0819277	3.975419643
0.0820423	3.968241071
0.0824242	3.9619375
0.0826915	3.954830357
0.0830734	3.947785714
0.0831498	3.934125
0.0836844	3.928785714
0.0838944	3.922160714
0.0841045	3.91675
0.0845627	3.909982143
0.0849065	3.904267857
0.0850592	3.8968125
0.0855938	3.892955357
0.0858803	3.898116071
0.086224	3.8895625
0.0865486	3.882955357
0.0867395	3.877276786
0.087045	3.870107143
0.0873124	3.864258929
0.0877133	3.856678571
0.087847	3.851008929
0.0881334	3.837705357
0.0884198	3.832410714
0.0888017	3.826651786
0.0890309	3.820392857
0.0894891	3.815142857
0.0897756	3.809071429
0.0900047	3.8034375
0.0904439	3.796919643
0.0907494	3.797491071
0.0910358	3.789982143
0.0913795	3.7839375
0.0917996	3.778821429
0.0919523	3.772625
0.092296	3.767232143
0.0925443	3.760196429
0.0928498	3.755151786
0.0931171	3.7411875
0.0934799	3.737080357
0.0938045	3.7324375
0.0940909	3.727375
0.0944155	3.7220625
0.0946447	3.716857143
0.0949693	3.711241071
0.0952557	3.705633929
0.0957521	3.703830357
0.095924	3.698008929
0.0963823	3.692946429
0.0966687	3.686973214
0.0970315	3.6803125
0.0971651	3.675419643
0.0973752	3.669446429
0.0977189	3.664321429
0.0980053	3.6523125
0.0985209	3.648205357
0.0987882	3.643330357
0.0989791	3.637705357
0.0993037	3.634223214
0.0997238	3.628705357
0.0998957	3.6235
0.100182	3.618375
0.100488	3.620419643
0.100831	3.614455357
0.101099	3.608982143
0.1015	3.60325
0.101939	3.598258929
0.10213	3.593535714
0.102263	3.587080357
0.102703	3.582625
0.102894	3.5695
0.103371	3.566928571
0.103581	3.5616875
0.103925	3.557651786
0.104058	3.553321429
0.104612	3.548276786
0.10507	3.543830357
0.104994	3.539169643
0.105509	3.547464286
0.105815	3.540580357
0.106235	3.535294643
0.106426	3.530875
0.106865	3.525892857
0.107018	3.520892857
0.107171	3.515589286
0.107705	3.509892857
0.107839	3.499285714
0.10824	3.495678571
0.108584	3.490892857
0.10887	3.485526786
0.109042	3.481303571
0.109615	3.477830357
0.109729	3.472580357
0.110054	3.469303571
0.110531	3.471410714
0.11078	3.465169643
0.111028	3.46025
0.111391	3.455178571
0.111601	3.451375
0.111983	3.445767857
0.112441	3.442571429
0.112632	3.437883929
0.11288	3.424973214
0.113262	3.423258929
0.113529	3.420169643
0.113854	3.416526786
0.114197	3.412383929
0.114522	3.408428571
0.114656	3.403732143
0.115114	3.399642857
0.115477	3.3984375
0.115649	3.393214286
0.115992	3.389294643
0.116336	3.386116071
0.116661	3.381125
0.116775	3.378901786
0.117214	3.373866071
0.117558	3.369491071
0.117596	3.357982143
0.118055	3.3555
0.118475	3.352285714
0.118589	3.348223214
0.118971	3.345035714
0.119334	3.342544643
0.119601	3.338517857
0.119888	3.334732143
0.120289	3.337205357
0.120537	3.332428571
0.120861	3.328258929
0.12132	3.323616071
0.121492	3.320383929
0.121683	3.317366071
0.122007	3.312133929
0.122465	3.308107143
0.122771	3.297669643
0.123038	3.2954375
0.123382	3.292160714
0.123573	3.289705357
0.123898	3.287169643
0.124203	3.283357143
0.124566	3.278830357
0.124833	3.275553571
0.125349	3.283910714
0.12554	3.279205357
0.12575	3.275330357
0.126132	3.270616071
0.126399	3.267616071
0.126666	3.263866071
0.127124	3.259482143
0.127258	3.254705357
0.127602	3.245116071
0.128079	3.242241071
0.12806	3.239392857
0.128442	3.2358125
0.128862	3.233232143
0.129168	3.230491071
0.129378	3.226169643
0.129721	3.223767857
0.130141	3.227366071
0.130447	3.222544643
0.130733	3.218151786
0.131058	3.216258929
0.131363	3.212321429
0.131669	3.209267857
0.131975	3.206258929
0.132127	3.202071429
0.132738	3.191669643
0.132853	3.189714286
0.133044	3.188232143
0.133578	3.1848125
0.133731	3.181383929
0.13417	3.178785714
0.134495	3.176419643
0.134724	3.173107143
0.134991	3.173071429
0.135373	3.169776786
0.135602	3.166303571
0.135927	3.163964286
0.136233	3.161321429
0.1365	3.158142857
0.136901	3.155866071
0.137149	3.152589286
0.137436	3.142285714
0.137684	3.141678571
0.138066	3.140196429
0.138486	3.137339286
0.1386	3.1335625
0.139078	3.131946429
0.139288	3.1298125
0.139536	3.1269375
0.139918	3.130232143
0.140281	3.127107143
0.140643	3.123080357
0.14093	3.120223214
0.141178	3.117366071
0.141503	3.1155625
0.141904	3.111741071
0.142095	3.109357143
0.142247	3.0995
0.142629	3.098660714
0.143088	3.095401786
0.143317	3.092285714
0.143641	3.091883929
0.144004	3.089107143
0.144386	3.085794643
0.144481	3.083767857
0.144768	3.093678571
0.145188	3.0895
0.145551	3.086383929
0.145875	3.082785714
0.1462	3.080714286
0.146334	3.077410714
0.146639	3.075053571
0.147097	3.0720625
0.147155	3.062705357
0.147594	3.061401786
0.148071	3.059633929
0.148319	3.057482143
0.148568	3.055464286
0.149007	3.054035714
0.149217	3.051446429
0.149484	3.049151786
0.149981	3.052526786
0.150191	3.048714286
0.150286	3.046357143
0.150744	3.042642857
0.151184	3.040767857
0.151279	3.039383929
0.151737	3.035955357
0.152043	3.034491071
0.152272	3.024616071
0.152444	3.024098214
0.15294	3.021660714
0.153131	3.020392857
0.153456	3.018464286
0.153761	3.017214286
0.154124	3.014303571
0.154391	3.012303571
0.154888	3.019026786
0.155193	3.016017857
0.155308	3.013642857
0.155804	3.010348214
0.155862	3.0080625
0.156263	3.005383929
0.156626	3.003464286
0.156874	3.002071429
0.157237	2.991964286
0.157752	2.992616071
0.157867	2.991419643
0.158096	2.988642857
0.15844	2.987392857
0.158707	2.984723214
0.158917	2.983178571
0.159452	2.981964286
0.159662	2.987071429
0.160063	2.983428571
0.16033	2.980973214
0.160655	2.978723214
0.160922	2.977107143
0.161456	2.974910714
0.16159	2.9735
0.161762	2.971660714
0.162106	2.9621875
0.16243	2.961607143
0.162602	2.9605625
0.163003	2.959383929
0.1635	2.958214286
0.163595	2.955928571
0.163958	2.954892857
0.164321	2.953330357
0.164607	2.963848214
0.165046	2.959678571
0.165199	2.957651786
0.165543	2.956205357
0.165906	2.953116071
0.166173	2.950714286
0.166478	2.949366071
0.166784	2.947214286
0.167108	2.938142857
0.167242	2.937616071
0.167624	2.938142857
0.167968	2.936241071
0.168331	2.934133929
0.168712	2.933044643
0.169094	2.930785714
0.16919	2.930026786
0.169591	2.9353125
0.169934	2.932169643
0.170106	2.929848214
0.170488	2.928071429
0.170736	2.926571429
0.171061	2.924321429
0.171519	2.923616071
0.17171	2.921714286
0.172073	2.9121875
0.172321	2.913366071
0.172703	2.9116875
0.172856	2.910946429
0.173257	2.909901786
0.173505	2.908392857
0.173811	2.906901786
0.174097	2.905866071
0.174441	2.907803571
0.174727	2.906776786
0.175243	2.904767857
0.175491	2.903375
0.175644	2.901410714
0.176026	2.901044643
0.176293	2.899794643
0.176484	2.89825
0.177038	2.889794643
0.177209	2.890732143
0.1774	2.890151786
0.17784	2.889053571
0.178069	2.887883929
0.178451	2.886410714
0.178737	2.885732143
0.179119	2.8853125
0.179424	2.891071429
0.179806	2.888526786
0.180074	2.886366071
0.180303	2.885142857
0.18078	2.883901786
0.180895	2.883232143
0.181277	2.881982143
0.181544	2.880544643
0.181754	2.872392857
0.182098	2.872071429
0.18248	2.871660714
0.182709	2.870758929
0.183033	2.870946429
0.183434	2.869955357
0.183797	2.868160714
0.183969	2.867848214
0.184389	2.879303571
0.184809	2.875544643
0.185038	2.873196429
0.185286	2.871991071
0.185726	2.871401786
0.185802	2.869955357
0.186146	2.86875
0.186489	2.866598214
0.186776	2.859196429
0.187024	2.859857143
0.187578	2.859383929
0.187692	2.859098214
0.188055	2.857678571
0.188246	2.857401786
0.188571	2.855625
0.18901	2.855955357
0.189258	2.861526786
0.189621	2.8583125
0.189926	2.8576875
0.190251	2.855821429
0.190461	2.8540625
0.190671	2.854794643
0.191072	2.853741071
0.191378	2.852178571
0.191664	2.844080357
0.191912	2.844928571
0.192237	2.8445625
0.192733	2.845178571
0.192943	2.843455357
0.193134	2.843946429
0.193631	2.842598214
0.193764	2.842803571
0.194165	2.844955357
0.194528	2.844
0.194796	2.843392857
0.195025	2.843428571
0.195483	2.841580357
0.195655	2.841508929
0.195999	2.839678571
0.196438	2.839633929
0.196533	2.831553571
0.196877	2.833330357
0.197278	2.833535714
0.197622	2.832241071
0.197832	2.832321429
0.198023	2.833151786
0.198481	2.832089286
0.19871	2.831839286
0.199245	2.836723214
0.199436	2.837107143
0.199626	2.834946429
0.200066	2.834866071
0.200295	2.83375
0.200696	2.833276786
0.201116	2.832732143
0.201249	2.832035714
0.201536	2.824857143
0.201841	2.825294643
0.202166	2.825223214
0.202491	2.824080357
0.203006	2.825116071
0.203159	2.8255
0.20335	2.824946429
0.203713	2.8245
0.204076	2.836125
0.204324	2.833955357
0.204744	2.832410714
0.204973	2.831017857
0.205202	2.829660714
0.205622	2.829553571
0.205947	2.829633929
0.206119	2.828089286
0.206501	2.821571429
0.206921	2.822883929
0.207169	2.822571429
0.207436	2.8230625
0.207875	2.822383929
0.208047	2.822125
0.20841	2.822223214
0.208525	2.821794643
0.208887	2.828142857
0.209307	2.826446429
0.209632	2.825491071
0.209918	2.8248125
0.210205	2.824044643
0.210529	2.824276786
0.210816	2.823803571
0.211274	2.823946429
0.211427	2.816348214
0.211618	2.818107143
0.212229	2.818678571
0.212191	2.819392857
0.212649	2.8194375
0.212974	2.820267857
0.213355	2.819955357
0.21347	2.818723214
0.213871	2.822133929
0.214234	2.821410714
0.214406	2.820910714
0.214826	2.820232143
0.215074	2.820598214
0.21536	2.821392857
0.215609	2.820107143
0.216029	2.821205357
0.216296	2.814035714
0.216659	2.815723214
0.216907	2.816258929
0.21706	2.815821429
0.217594	2.816
0.217862	2.817044643
0.218072	2.817794643
0.218511	2.817848214
0.218874	2.824723214
0.219046	2.823866071
0.219447	2.821910714
0.219733	2.822508929
0.219981	2.822008929
0.22042	2.823026786
0.22086	2.822017857
0.220917	2.823580357
0.221241	2.815651786
0.221585	2.817223214
0.221757	2.8184375
0.222063	2.818544643
0.222425	2.819107143
0.222826	2.819955357
0.223113	2.8196875
0.223533	2.820410714
0.223819	2.832642857
0.223896	2.830839286
0.224449	2.829241071
0.22464	2.8299375
0.224984	2.829446429
0.225251	2.828794643
0.225671	2.8300625
0.225901	2.828785714
0.226282	2.8226875
0.22655	2.823919643
0.22676	2.825053571
0.227065	2.825321429
0.227333	2.826169643
0.22781	2.827223214
0.228154	2.826776786
0.228383	2.827133929
0.22865	2.833125
0.229128	2.8326875
0.229185	2.833151786
0.229586	2.833
0.229796	2.834071429
0.230235	2.833669643
0.230541	2.834107143
0.230846	2.8354375
0.231132	2.82725
0.231495	2.830258929
0.231801	2.830821429
0.231934	2.831848214
0.232374	2.832196429
0.232679	2.833491071
0.232966	2.83475
0.233233	2.834767857
0.2335	2.841839286
0.233863	2.841776786
0.234302	2.842080357
0.23455	2.841517857
0.234818	2.841553571
0.235123	2.841607143
0.235486	2.8419375
0.235677	2.842669643
0.236116	2.836446429
0.236403	2.839151786
0.236574	2.8393125
0.236823	2.839767857
0.237338	2.841794643
0.23751	2.842535714
0.237816	2.842339286
0.238236	2.844401786
0.238522	2.851732143
0.238808	2.851125
0.239133	2.850339286
0.239286	2.851017857
0.239515	2.852017857
0.240145	2.852428571
0.240317	2.852125
0.240642	2.854625
0.240985	2.848026786
0.241157	2.849616071
0.241615	2.850767857
0.24194	2.851883929
0.242131	2.853875
0.242513	2.854821429
0.242723	2.854839286
0.243047	2.855982143
0.243506	2.869285714
0.243849	2.866785714
0.244117	2.866910714
0.244346	2.867482143
0.244747	2.869669643
0.24511	2.868446429
0.245282	2.868642857
0.245663	2.868866071
0.245835	2.863026786
0.246083	2.865366071
0.246618	2.866535714
0.246847	2.868383929
0.247115	2.870419643
0.247496	2.870526786
0.247859	2.870428571
0.248012	2.8728125
0.248394	2.879776786
0.248757	2.879535714
0.249005	2.879928571
0.24933	2.880428571
0.249616	2.881625
0.249941	2.8819375
0.250265	2.882973214
0.250609	2.884151786
0.250819	2.877866071
0.251124	2.880464286
0.251487	2.882321429
0.251755	2.884366071
0.251984	2.885107143
0.252404	2.887089286
0.25269	2.887196429
0.253034	2.889741071
0.253378	2.894017857
0.253626	2.893660714
0.253817	2.894517857
0.254256	2.896035714
0.254581	2.896821429
0.254791	2.898705357
0.255096	2.899794643
0.25544	2.900616071
0.255516	2.89525
0.256146	2.899
0.256395	2.899830357
0.256566	2.901267857
0.256815	2.903508929
0.257292	2.9045625
0.257712	2.906026786
0.257846	2.907732143
0.258151	2.91575
0.258514	2.9146875
0.258667	2.915214286
0.259106	2.917089286
0.259373	2.917455357
0.259812	2.919339286
0.26008	2.920133929
0.260385	2.921223214
0.260634	2.915401786
0.261035	2.918080357
0.261283	2.920491071
0.261569	2.923008929
0.261989	2.924633929
0.262218	2.926651786
0.262467	2.927330357
0.262791	2.9289375
0.263097	2.941955357
0.263517	2.942339286
0.263841	2.941410714
0.26409	2.9430625
0.264242	2.943767857
0.264662	2.945107143
0.264987	2.946446429
0.265331	2.947205357
0.265655	2.942848214
0.26598	2.945196429
0.266247	2.946232143
0.266553	2.948589286
0.266935	2.949910714
0.267183	2.952151786
0.267508	2.9530625
0.267794	2.955696429
0.268157	2.962955357
0.268367	2.963044643
0.268768	2.964651786
0.268921	2.966080357
0.269188	2.966866071
0.269665	2.9701875
0.269837	2.970080357
0.270295	2.971732143
0.270544	2.966276786
0.27083	2.969285714
0.271078	2.9711875
0.271441	2.974401786
0.271708	2.976544643
0.272071	2.978625
0.272415	2.979991071
0.272644	2.981660714
0.272892	2.986267857
0.273217	2.987758929
0.273599	2.989482143
0.273847	2.991776786
0.274229	2.993035714
0.27463	2.9948125
0.274859	2.996035714
0.275184	2.998125
0.275451	2.993285714
0.275642	2.997482143
0.275986	2.999267857
0.276367	3.000035714
0.276635	3.003142857
0.276998	3.005660714
0.277341	3.007491071
0.277723	3.010330357
0.27799	3.018089286
0.278391	3.018696429
0.278506	3.019241071
0.278869	3.022151786
0.279365	3.0229375
0.279308	3.024553571
0.279747	3.027258929
0.280148	3.029839286
0.28032	3.023928571
0.280645	3.027205357
0.281007	3.03025
0.281332	3.032633929
0.281657	3.035598214
0.281962	3.0376875
0.28221	3.039339286
0.282554	3.042303571
0.282898	3.055410714
0.283146	3.054642857
0.283356	3.055866071
0.283852	3.0576875
0.284063	3.059642857
0.284425	3.060848214
0.284731	3.063401786
0.284979	3.064857143
0.285342	3.060285714
0.285609	3.063589286
0.285857	3.066464286
0.286201	3.068330357
0.286583	3.0709375
0.286869	3.0729375
0.287156	3.075303571
0.287423	3.078401786
0.287843	3.085607143
0.288206	3.086875
0.288359	3.089053571
0.288855	3.090410714
0.289027	3.092758929
0.289294	3.095946429
0.289772	3.097357143
0.289886	3.098473214
0.290192	3.093830357
0.290555	3.097821429
0.290879	3.101401786
0.291108	3.103696429
0.291529	3.106133929
0.291662	3.108107143
0.292082	3.111133929
0.292483	3.113526786
0.292674	3.119794643
0.293075	3.120901786
0.293343	3.123339286
0.293553	3.1255625
0.293954	3.129366071
0.294221	3.130973214
0.29445	3.132330357
0.294813	3.134544643
0.295271	3.130741071
0.295443	3.135571429
0.295767	3.138017857
0.296092	3.139696429
0.296474	3.143464286
0.296684	3.146535714
0.29699	3.149178571
0.297276	3.151383929
0.297677	3.160901786
0.297925	3.162008929
0.298173	3.163196429
0.298479	3.165830357
0.298746	3.168142857
0.299166	3.171017857
0.299548	3.173178571
0.299854	3.174705357
0.300006	3.170794643
0.300407	3.175214286
0.300541	3.177696429
0.300923	3.180785714
0.301267	3.184178571
0.30163	3.186910714
0.301859	3.188803571
0.30226	3.192330357
0.302546	3.20825
0.30289	3.207946429
0.303291	3.208857143
0.30352	3.210642857
0.303787	3.213714286
0.304188	3.214723214
0.304341	3.217223214
0.304857	3.219491071
0.305124	3.216276786
0.30541	3.220214286
0.305735	3.2234375
0.306021	3.226723214
0.306155	3.229303571
0.306499	3.231571429
0.306881	3.235223214
0.307148	3.238848214
0.30753	3.247321429
0.307873	3.247946429
0.308007	3.251723214
0.308427	3.253571429
0.308771	3.255464286
0.309038	3.258571429
0.30942	3.260116071
0.309592	3.263589286
0.309821	3.259258929
0.310279	3.263741071
0.310508	3.267526786
0.310948	3.270553571
0.311272	3.274276786
0.311406	3.277794643
0.311788	3.279741071
0.312151	3.282178571
0.31238	3.295482143
0.3128	3.2955625
0.313105	3.299267857
0.313315	3.301357143
0.313621	3.304080357
0.314117	3.305928571
0.314385	3.309160714
0.314671	3.311508929
0.3149	3.307160714
0.31511	3.312223214
0.315473	3.316044643
0.315912	3.319116071
0.316084	3.322714286
0.316371	3.326375
0.31681	3.3290625
0.317077	3.3320625
0.317325	3.34175
0.317707	3.34325
0.317994	3.345276786
0.318204	3.348776786
0.318872	3.351714286
0.318853	3.354732143
0.319063	3.357357143
0.319578	3.360357143
0.319769	3.356473214
0.320151	3.3619375
0.320533	3.364375
0.320705	3.3685
0.320991	3.372241071
0.321411	3.376017857
0.321698	3.378142857
0.321927	3.382125
0.322328	3.396892857
0.322595	3.397723214
0.322824	3.399919643
0.323283	3.403044643
0.323665	3.40625
0.323856	3.408526786
0.324237	3.411758929
0.324467	3.414446429
0.324734	3.411017857
0.32502	3.415339286
0.325326	3.418955357
0.325708	3.422633929
0.326051	3.426544643
0.326376	3.430196429
0.326567	3.43275
0.326949	3.436598214
0.327388	3.446616071
0.327522	3.447821429
0.327904	3.450348214
0.328133	3.453508929
0.328266	3.456830357
0.32882	3.460232143
0.329011	3.464276786
0.329412	3.467035714
0.329641	3.462357143
0.329985	3.468330357
0.330099	3.471866071
0.330634	3.476178571
0.330863	3.479625
0.331264	3.483946429
0.331608	3.487401786
0.331665	3.490785714
0.332066	3.498071429
0.332544	3.501
0.332677	3.503928571
0.333155	3.50775
0.333479	3.511142857
0.333594	3.514535714
0.334052	3.5185625
0.334243	3.521901786
0.334453	3.517776786
0.33493	3.523339286
0.335274	3.528616071
0.335427	3.531857143
0.335732	3.536741071
0.336172	3.540375
0.336382	3.5443125
0.336897	3.547339286
0.336935	3.558598214
0.337184	3.559732143
0.337623	3.562339286
0.33789	3.566642857
0.338234	3.569678571
0.338692	3.573508929
0.338978	3.576785714
0.339131	3.582071429
0.339494	3.576955357
0.33978	3.582214286
0.340181	3.587651786
0.340468	3.591571429
0.340659	3.595366071
0.34106	3.599508929
0.341346	3.60425
0.341499	3.60875
0.341976	3.623455357
0.342396	3.624580357
0.342415	3.627580357
0.343065	3.631508929
0.343198	3.636142857
0.343504	3.638589286
0.343848	3.642303571
0.344172	3.645008929
0.344439	3.642151786
0.34486	3.647651786
0.344955	3.651633929
0.345394	3.6559375
0.345757	3.6603125
0.34591	3.664553571
0.34612	3.668205357
0.346578	3.672410714
0.347017	3.681982143
0.347208	3.683553571
0.347762	3.688464286
0.347953	3.691714286
0.348258	3.695982143
0.348583	3.7004375
0.348602	3.703696429
0.34927	3.707419643
0.349519	3.704223214
0.34971	3.710482143
0.35013	3.714723214
0.350282	3.719178571
0.350569	3.723321429
0.351161	3.728267857
0.351218	3.732598214
0.351581	3.735955357
0.351829	3.743473214
0.352077	3.746625
0.352478	3.7509375
0.35286	3.756098214
0.353013	3.760651786
0.353261	3.763205357
0.353815	3.767008929
0.353834	3.7715
0.354197	3.768455357
0.354712	3.774214286
0.355037	3.7795625
0.355209	3.784258929
0.355381	3.789223214
0.355839	3.793633929
0.356183	3.798928571
0.35624	3.802678571
0.356736	3.8131875
0.356985	3.816419643
0.357424	3.819285714
0.357672	3.824482143
0.357863	3.827616071
0.358398	3.832241071
0.358608	3.836375
0.35899	3.841285714
0.359276	3.838651786
0.359581	3.843678571
0.359811	3.849669643
0.360212	3.853357143
0.360422	3.857785714
0.360746	3.863196429
0.361052	3.867383929
0.361376	3.872169643
0.361605	3.888991071
0.362197	3.891651786
0.362369	3.894848214
0.362541	3.899723214
0.36298	3.903669643
0.363362	3.906535714
0.363668	3.9106875
0.364126	3.915732143
0.364164	3.912232143
0.364355	3.919723214
0.364909	3.924669643
0.365119	3.928544643
0.365329	3.932866071
0.365768	3.937303571
0.366074	3.941973214
0.366265	3.947928571
0.36678	3.958955357
0.366933	3.961321429
0.3672	3.966580357
0.367544	3.9703125
0.367926	3.975705357
0.368117	3.979660714
0.36867	3.985107143
0.368766	3.989151786
0.369052	3.986125
0.369396	3.992428571
0.369663	3.996651786
0.369931	4.001794643
0.370255	4.007741071
0.37058	4.012258929
0.370828	4.016598214
0.371134	4.022357143
0.371554	4.030258929
0.371821	4.0345
0.372127	4.039089286
0.372508	4.043178571
0.372699	4.048544643
0.373043	4.053446429
0.373444	4.0570625
0.373616	4.061491071
0.373921	4.059830357
0.374246	4.066955357
0.374571	4.0725625
0.374723	4.077035714
0.375373	4.082821429
0.375449	4.088508929
0.375831	4.093723214
0.376194	4.098330357
0.376404	4.109955357
0.376728	4.114017857
0.377244	4.118330357
0.377339	4.123598214
0.377645	4.128946429
0.378084	4.1344375
0.37837	4.138125
0.378638	4.142508929
0.378962	4.139732143
0.379192	4.146428571
0.379554	4.152080357
0.379936	4.157696429
0.380108	4.163839286
0.380414	4.168410714
0.380776	4.173892857
0.381025	4.179589286
0.381292	4.197428571
0.381827	4.200357143
0.382037	4.203928571
0.382247	4.209178571
0.382762	4.214142857
0.383068	4.218741071
0.38322	4.222142857
0.38366	4.2288125
0.383851	4.227098214
0.384061	4.2324375
0.384614	4.238535714
0.384844	4.244133929
0.385015	4.2489375
0.385474	4.255330357
0.385817	4.260607143
0.38597	4.265544643
0.386371	4.2776875
0.386734	4.281383929
0.387001	4.2861875
0.387249	4.292321429
0.387593	4.297375
0.387765	4.303098214
0.388223	4.307839286
0.388548	4.313142857
0.388796	4.310705357
0.389044	4.319357143
0.389388	4.324330357
0.389694	4.331035714
0.390018	4.3369375
0.390438	4.342071429
0.390553	4.347473214
0.390877	4.353553571
0.391374	4.366535714
0.391622	4.369642857
0.39187	4.376142857
0.39208	4.381339286
0.3925	4.387482143
0.392672	4.392714286
0.393169	4.396732143
0.393379	4.4025625
0.393684	4.399973214
0.394028	4.408098214
0.394314	4.4140625
0.394563	4.420678571
0.394983	4.426714286
0.395288	4.431857143
0.395479	4.437651786
0.395785	4.444178571
0.396186	4.457160714
0.396396	4.462633929
0.396663	4.4659375
0.397217	4.473464286
0.397274	4.4781875
0.397771	4.483776786
0.397904	4.490053571
0.39821	4.494821429
0.398515	4.493410714
0.399031	4.5016875
0.399126	4.50825
0.399604	4.513723214
0.399241	4.352883929
0.398954	4.235678571
0.398687	4.132767857
0.398286	4.046267857
0.398095	3.956178571
0.397866	3.874455357
0.397465	3.798080357
0.397102	3.724178571
0.39693	3.655660714
0.39651	3.589866071
0.396071	3.526625
0.395842	3.459946429
0.395403	3.403982143
0.395231	3.349035714
0.394983	3.295946429
0.394639	3.244767857
0.394486	3.195008929
0.393933	3.146955357
0.393761	3.099705357
0.393264	3.061964286
0.393073	3.016973214
0.392825	2.972955357
0.392348	2.930321429
0.392329	2.888848214
0.391851	2.850241071
0.391527	2.810991071
0.391374	2.773142857
0.390973	2.728991071
0.390629	2.695607143
0.390362	2.661910714
0.390018	2.626803571
0.389522	2.593991071
0.389407	2.559955357
0.389121	2.528633929
0.388624	2.497267857
0.388491	2.474616071
0.388242	2.442839286
0.387918	2.413178571
0.38765	2.382758929
0.387307	2.353901786
0.386906	2.325321429
0.386696	2.298455357
0.386352	2.271321429
0.386104	2.236892857
0.385684	2.2135625
0.385435	2.187651786
0.385034	2.162205357
0.384901	2.137946429
0.384519	2.1135625
0.383984	2.090544643
0.384061	2.066017857
0.383507	2.050901786
0.383259	2.025339286
0.382953	2.002928571
0.382705	1.980008929
0.382228	1.957107143
0.382037	1.936383929
0.381578	1.914535714
0.38133	1.893419643
0.381063	1.859401786
0.380776	1.8423125
0.380337	1.823571429
0.380204	1.804071429
0.379898	1.784223214
0.379497	1.766357143
0.37923	1.747410714
0.378829	1.729053571
0.378657	1.7183125
0.378332	1.697955357
0.378027	1.679473214
0.377836	1.661830357
0.377263	1.642767857
0.376958	1.625241071
0.376843	1.608491071
0.376423	1.590544643
0.376079	1.567883929
0.375831	1.551973214
0.375392	1.536642857
0.375143	1.520053571
0.374914	1.504848214
0.374571	1.488473214
0.374246	1.473875
0.373998	1.45725
0.37375	1.44975
0.373406	1.431919643
0.373234	1.417571429
0.372661	1.402267857
0.37247	1.386517857
0.372165	1.371616071
0.371821	1.356973214
0.371706	1.343098214
0.371229	1.325714286
0.370809	1.312455357
0.370656	1.298178571
0.370351	1.284928571
0.369893	1.2715
0.369759	1.258205357
0.369262	1.244348214
0.369052	1.231410714
0.368823	1.226767857
0.368422	1.210678571
0.368098	1.196803571
0.367945	1.184866071
0.367639	1.171607143
0.367105	1.158714286
0.366952	1.146946429
0.366646	1.134044643
0.366226	1.115098214
0.366093	1.104294643
0.365634	1.092776786
0.36531	1.0815625
0.3651	1.069464286
0.364813	1.058232143
0.364393	1.046571429
0.364202	1.035410714
0.363916	1.031803571
0.363419	1.018267857
0.363248	1.007392857
0.363038	0.996214286
0.362598	0.984232143
0.362312	0.973714286
0.362026	0.962339286
0.361605	0.951348214
0.361395	0.9265625
0.360994	0.920232143
0.360746	0.911473214
0.360441	0.901125
0.360097	0.891284821
0.359715	0.881889286
0.359601	0.873567857
0.359104	0.8627875
0.35897	0.859691964
0.358779	0.849373214
0.358226	0.839147321
0.35792	0.828666071
0.357825	0.818202679
0.357271	0.808041071
0.35708	0.799734821
0.356832	0.789515179
0.356297	0.774129464
0.356106	0.765455357
0.355801	0.757740179
0.355553	0.748007143
0.355342	0.739758036
0.35498	0.730505357
0.354502	0.722350893
0.35433	0.71410625
0.353949	0.712711607
0.353586	0.701883036
0.353318	0.692852679
0.353128	0.683925
0.352669	0.6746375
0.352478	0.666333036
0.352135	0.657390179
0.351886	0.647983929
0.351657	0.638247321
0.351371	0.630671429
0.350893	0.6215375
0.350645	0.614149107
0.350282	0.605641964
0.349881	0.597742857
0.349748	0.589521429
0.349366	0.581150893
0.349003	0.581004464
0.348946	0.570801786
0.348621	0.562075
0.348144	0.554425893
0.347934	0.54665625
0.347571	0.538271429
0.347265	0.530345536
0.346922	0.522200893
0.346521	0.508359821
0.346292	0.503042857
0.346082	0.494947321
0.345623	0.488783036
0.345241	0.481983929
0.345089	0.4742375
0.344764	0.467654464
0.344401	0.460235714
0.344115	0.460254464
0.343809	0.451688393
0.34358	0.444616071
0.343141	0.437045536
0.342912	0.429689286
0.342549	0.420823214
0.342492	0.414765179
0.341957	0.407299107
0.340621	0.37456875
0.340391	0.367985714
0.340143	0.361040179
0.339761	0.355294643
0.339513	0.349375
0.339169	0.34889375
0.338959	0.341723214
0.338692	0.333813393
0.338272	0.326566071
0.337947	0.319617857
0.33768	0.311514286
0.337451	0.307708929
0.336954	0.300916071
0.336706	0.288823214
0.336343	0.283032143
0.336057	0.278111607
0.33579	0.271721429
0.335465	0.265680357
0.334988	0.259857143
0.334988	0.253573214
0.334644	0.248245536
0.334186	0.248610714
0.334052	0.241955357
0.333766	0.236409821
0.333346	0.229752679
0.333059	0.223121429
0.332735	0.217532143
0.332353	0.210533929
0.332104	0.205178571
0.331933	0.195915179
0.331455	0.191741964
0.331283	0.185623214
0.330921	0.179577679
0.3305	0.174157143
0.330329	0.168870536
0.329947	0.162958929
0.329641	0.15713125
0.329393	0.158503571
0.329049	0.151599107
0.328667	0.144897321
0.328572	0.139266964
0.328095	0.133705357
0.327808	0.127759821
0.327617	0.122966964
0.327369	0.117467857
0.326872	0.106035714
0.326529	0.102035714
0.3263	0.097176786
0.325994	0.091489286
0.325555	0.086741429
0.32544	0.081811964
0.324925	0.075444375
0.324543	0.071299107
0.324581	0.073787589
0.324066	0.065489286
0.323779	0.06024875
0.323607	0.055967857
0.323187	0.050313304
0.322729	0.043960536
0.322786	0.039467232
0.32229	0.034306964
0.32187	0.018000625
0.321755	0.015822321
0.321297	0.011573482
0.320934	0.006613875
0.320686	0.001984045
0.320419	-0.002368536
0.320056	-0.006670446
0.319693	-0.010088304
0.319617	-0.007243241
0.319254	-0.014308571
0.319006	-0.019878571
0.318681	-0.024176429
0.318204	-0.030178036
0.317898	-0.035852321
0.317707	-0.039260893
0.317211	-0.042858571
0.316943	-0.054232143
0.316695	-0.058160268
0.316294	-0.062706429
0.316065	-0.066393929
0.31597	-0.071236429
0.315435	-0.074893839
0.315168	-0.079974018
0.314957	-0.083663036
0.314442	-0.082562946
0.314136	-0.0875825
0.314022	-0.092969643
0.313716	-0.097816964
0.31322	-0.102797321
0.313048	-0.107573214
0.312838	-0.111316071
0.312475	-0.116021429
0.312208	-0.129950893
0.311826	-0.132025
0.311387	-0.135385714
0.311158	-0.139292857
0.310814	-0.143771429
0.310413	-0.146776786
0.310241	-0.151451786
0.309993	-0.154955357
0.309668	-0.152666071
0.309401	-0.158291071
0.309134	-0.163042857
0.308637	-0.167141071
0.308427	-0.173208929
0.308064	-0.176892857
0.307893	-0.180109821
0.307511	-0.184517857
0.307281	-0.195004464
0.306823	-0.198305357
0.306422	-0.201150893
0.306422	-0.205823214
0.305888	-0.209151786
0.305468	-0.213436607
0.305219	-0.216846429
0.305067	-0.220222321
0.304742	-0.218013393
0.304341	-0.223898214
0.304207	-0.226770536
0.303844	-0.232214286
0.303539	-0.236641071
0.303272	-0.240716964
0.302871	-0.24448125
0.302451	-0.248669643
0.302393	-0.264370536
0.301916	-0.2664625
0.301687	-0.268875893
0.301286	-0.272088393
0.301095	-0.274775893
0.300579	-0.278277679
0.300503	-0.28266875
0.300045	-0.285109821
0.299777	-0.282722321
0.299472	-0.287429464
0.299147	-0.291763393
0.298784	-0.295844643
0.298536	-0.301019643
0.298135	-0.30474375
0.297906	-0.307825893
0.297543	-0.311809821
0.297181	-0.321604464
0.297066	-0.324433036
0.296722	-0.326829464
0.296321	-0.331228571
0.296188	-0.334499107
0.295787	-0.337664286
0.295443	-0.340522321
0.29508	-0.344783929
0.294966	-0.341745536
0.294565	-0.34674375
0.294221	-0.349616071
0.294049	-0.353727679
0.293629	-0.358061607
0.293285	-0.362058929
0.292942	-0.365223214
0.292674	-0.369670536
0.292483	-0.376324107
0.292101	-0.37984375
0.291815	-0.382870536
0.291318	-0.387454464
0.291223	-0.389428571
0.290994	-0.393691071
0.290383	-0.396771429
0.290211	-0.399761607
0.29002	-0.39623125
0.289657	-0.402335714
0.289256	-0.405292857
0.289199	-0.409995536
0.288874	-0.413961607
0.288378	-0.417388393
0.28813	-0.421161607
0.287939	-0.424121429
0.287423	-0.434282143
0.287079	-0.436258929
0.286812	-0.439147321
0.286488	-0.441939286
0.286239	-0.444609821
0.285915	-0.448716964
0.285743	-0.451835714
0.285246	-0.454117857
0.285094	-0.451366964
0.28475	-0.456914286
0.284425	-0.460795536
0.284101	-0.463395536
0.283872	-0.466955357
0.283375	-0.471620536
0.28307	-0.474795536
0.28286	-0.478758036
0.282382	-0.493422321
0.282172	-0.493963393
0.281905	-0.495866964
0.281714	-0.498357143
0.28116	-0.501991071
0.281007	-0.504233929
0.280606	-0.506466964
0.280377	-0.508914286
0.279995	-0.505854464
0.279919	-0.511515179
0.279232	-0.514228571
0.27906	-0.518309821
0.278831	-0.521634821
0.278468	-0.525954464
0.278124	-0.527488393
0.277952	-0.531373214
0.27757	-0.540953571
0.277169	-0.543325
0.276883	-0.545208036
0.276597	-0.5481875
0.276234	-0.551842857
0.276253	-0.55321875
0.27568	-0.555883036
0.275279	-0.558836607
0.275164	-0.556632143
0.274821	-0.560095536
0.274496	-0.5639
0.274267	-0.567914286
0.274	-0.57111875
0.273618	-0.573283036
0.273274	-0.576866964
0.273045	-0.579780357
0.272759	-0.586115179
0.272453	-0.588647321
0.27209	-0.591496429
0.271842	-0.594467857
0.271326	-0.597667857
0.271231	-0.599947321
0.271002	-0.60299375
0.270563	-0.606351786
0.270353	-0.601376786
0.270047	-0.606554464
0.269627	-0.610630357
0.269302	-0.614077679
0.268997	-0.617340179
0.268653	-0.620673214
0.268252	-0.623279464
0.2681	-0.626596429
0.267718	-0.635716071
0.267336	-0.637095536
0.267145	-0.639601786
0.266877	-0.642928571
0.266343	-0.644839286
0.266266	-0.647413393
0.266018	-0.650722321
0.265503	-0.653213393
0.265388	-0.649154464
0.264949	-0.652916964
0.264662	-0.656225
0.264433	-0.66018125
0.264128	-0.664575893
0.263784	-0.6669875
0.26365	-0.66988125
0.263173	-0.672429464
0.262658	-0.687066964
0.262524	-0.687385714
0.262314	-0.689651786
0.261856	-0.69111875
0.261512	-0.69356875
0.261359	-0.69620625
0.260939	-0.699160714
0.260519	-0.701371429
0.260443	-0.69625625
0.260175	-0.700967857
0.259736	-0.704291964
0.259507	-0.7072125
0.25901	-0.711376786
0.25882	-0.713488393
0.258552	-0.715708929
0.258247	-0.718410714
0.257808	-0.728219643
0.257693	-0.730282143
0.257216	-0.7317125
0.256967	-0.733914286
0.2567	-0.736065179
0.256356	-0.738446429
0.256032	-0.7400875
0.255764	-0.743508929
0.255478	-0.739292857
0.254982	-0.743261607
0.254695	-0.746483929
0.254447	-0.750030357
0.254256	-0.752101786
0.25395	-0.756198214
0.25353	-0.758758929
0.253359	-0.76026875
0.252996	-0.76671875
0.252614	-0.768428571
0.252385	-0.77126875
0.252098	-0.774913393
0.251755	-0.776919643
0.25143	-0.778983036
0.251182	-0.781107143
0.250781	-0.784329464
0.250437	-0.780016071
0.250361	-0.783353571
0.250017	-0.786514286
0.249521	-0.790228571
0.249291	-0.79269375
0.248909	-0.796175893
0.248585	-0.79904375
0.248604	-0.80190625
0.248165	-0.810669643
0.247783	-0.8111875
0.247535	-0.813429464
0.247172	-0.816060714
0.246847	-0.817472321
0.246484	-0.819860714
0.246236	-0.822186607
0.245912	-0.825224107
0.245606	-0.82109375
0.245377	-0.825461607
0.2449	-0.828020536
0.244537	-0.830915179
0.244575	-0.833895536
0.244117	-0.836184821
0.243678	-0.839463393
0.243506	-0.842175893
0.243067	-0.856145536
0.242723	-0.855135714
0.242456	-0.856426786
0.242265	-0.858654464
0.241845	-0.860959821
0.241596	-0.863192857
0.241386	-0.864884821
0.240871	-0.867788393
0.240603	-0.862633036
0.240374	-0.866244643
0.239973	-0.870130357
0.239801	-0.872276786
0.239458	-0.874441964
0.238255	-0.888084821
0.237796	-0.889922321
0.237644	-0.892158036
0.237262	-0.895294643
0.236937	-0.897767857
0.236441	-0.897241071
0.236403	-0.901553571
0.236002	-0.904223214
0.235792	-0.899839286
0.235505	-0.903973214
0.235085	-0.906598214
0.23478	-0.908973214
0.234589	-0.9115
0.234092	-0.914107143
0.233863	-0.916794643
0.233672	-0.919919643
0.233252	-0.928741071
0.232966	-0.929830357
0.232641	-0.93175
0.23245	-0.933598214
0.231801	-0.935625
0.231743	-0.938026786
0.2314	-0.940526786
0.231075	-0.943294643
0.230808	-0.937669643
0.230579	-0.942294643
0.230216	-0.944607143
0.230025	-0.946857143
0.229777	-0.950276786
0.229185	-0.953294643
0.228994	-0.955142857
0.228765	-0.957294643
0.228345	-0.966232143
0.227982	-0.967419643
0.227791	-0.969035714
0.2276	-0.971017857
0.227104	-0.972982143
0.226836	-0.975508929
0.226492	-0.977169643
0.226206	-0.979678571
0.225824	-0.975464286
0.225576	-0.979607143
0.225347	-0.982339286
0.224908	-0.984633929
0.224793	-0.987357143
0.224468	-0.990107143
0.224106	-0.992035714
0.223666	-0.994714286
0.223571	-1.010071429
0.223055	-1.008964286
0.222788	-1.008285714
0.222406	-1.011883929
0.222254	-1.012901786
0.221719	-1.016776786
0.221623	-1.017196429
0.22128	-1.018473214
0.220936	-1.014571429
0.220611	-1.0181875
0.220401	-1.020776786
0.219905	-1.024035714
0.219771	-1.025830357
0.219428	-1.0295
0.219217	-1.030714286
0.218721	-1.033285714
0.218492	-1.042455357
0.218225	-1.043044643
0.217957	-1.0440625
0.217537	-1.047169643
0.217384	-1.048517857
0.216964	-1.050482143
0.216563	-1.053044643
0.216315	-1.0548125
0.21601	-1.049625
0.215609	-1.0533125
0.21559	-1.056508929
0.215036	-1.058723214
0.214788	-1.060910714
0.21452	-1.063919643
0.214291	-1.065946429
0.213795	-1.069455357
0.213394	-1.074473214
0.213451	-1.075116071
0.212916	-1.078375
0.212592	-1.079964286
0.212343	-1.083044643
0.212038	-1.084776786
0.211752	-1.087651786
0.211446	-1.090089286
0.211121	-1.084910714
0.210759	-1.088241071
0.210472	-1.091026786
0.210339	-1.095008929
0.209823	-1.096767857
0.209632	-1.100392857
0.20925	-1.102008929
0.208906	-1.104142857
0.208601	-1.112919643
0.208295	-1.114285714
0.207971	-1.1163125
0.207417	-1.118089286
0.207436	-1.1194375
0.207073	-1.121991071
0.206844	-1.123741071
0.20652	-1.125821429
0.20631	-1.121714286
0.205966	-1.125401786
0.205622	-1.128098214
0.205298	-1.131303571
0.204973	-1.132883929
0.204687	-1.135044643
0.204381	-1.138669643
0.204076	-1.140419643
0.203694	-1.155589286
0.203617	-1.154642857
0.203121	-1.155660714
0.202834	-1.157741071
0.202433	-1.159625
0.20209	-1.161375
0.20165	-1.162866071
0.201498	-1.165178571
0.201421	-1.160321429
0.200925	-1.165098214
0.200734	-1.167080357
0.200371	-1.169348214
0.199913	-1.171901786
0.199646	-1.174892857
0.199512	-1.175821429
0.199168	-1.178491071
0.198672	-1.187767857
0.198691	-1.188625
0.198213	-1.190964286
0.197736	-1.192276786
0.197564	-1.194705357
0.197373	-1.196848214
0.19682	-1.198625
0.19661	-1.200223214
0.196209	-1.196133929
0.19596	-1.200035714
0.19575	-1.202696429
0.195349	-1.205955357
0.194986	-1.207571429
0.194872	-1.2105625
0.194605	-1.212348214
0.194204	-1.214741071
0.193726	-1.220910714
0.193593	-1.2220625
0.19323	-1.223651786
0.192905	-1.226517857
0.192619	-1.228580357
0.192218	-1.231178571
0.192065	-1.233473214
0.191779	-1.235678571
0.191607	-1.231116071
0.191225	-1.234107143
0.1909	-1.237339286
0.190442	-1.240651786
0.190232	-1.243401786
0.189888	-1.2459375
0.189602	-1.248232143
0.189296	-1.250285714
0.18901	-1.259446429
0.188666	-1.260714286
0.188284	-1.262348214
0.188112	-1.2645625
0.187692	-1.265928571
0.187501	-1.268464286
0.187081	-1.270446429
0.186719	-1.272892857
0.186585	-1.268776786
0.186146	-1.2728125
0.185859	-1.274589286
0.185497	-1.2770625
0.185286	-1.281383929
0.184962	-1.282901786
0.184733	-1.285705357
0.18437	-1.289053571
0.184045	-1.302455357
0.183568	-1.302821429
0.183415	-1.304089286
0.183071	-1.305303571
0.182728	-1.307607143
0.182613	-1.309464286
0.18225	-1.3115625
0.181849	-1.313517857
0.181697	-1.307723214
0.181219	-1.3125625
0.180818	-1.315839286
0.180646	-1.318991071
0.180284	-1.320642857
0.180055	-1.322696429
0.179787	-1.325839286
0.179291	-1.3271875
0.179004	-1.3363125
0.178775	-1.338196429
0.178508	-1.340008929
0.178126	-1.341758929
0.177878	-1.343473214
0.177591	-1.346455357
0.177076	-1.348455357
0.176999	-1.350642857
0.176656	-1.34525
0.176255	-1.349392857
0.176007	-1.352830357
0.175796	-1.355732143
0.175415	-1.356678571
0.175109	-1.360705357
0.174861	-1.362866071
0.174326	-1.3649375
0.174059	-1.370241071
0.173868	-1.372535714
0.173467	-1.374616071
0.173104	-1.377116071
0.173085	-1.379464286
0.172741	-1.382142857
0.17234	-1.385276786
0.172092	-1.386741071
0.171768	-1.38125
0.171347	-1.386098214
0.171023	-1.387794643
0.170946	-1.390580357
0.170507	-1.393455357
0.170164	-1.397482143
0.169973	-1.399330357
0.169553	-1.401160714
0.169228	-1.4110625
0.169018	-1.411830357
0.168731	-1.413946429
0.16835	-1.416571429
0.168006	-1.418205357
0.167758	-1.420964286
0.167471	-1.422892857
0.166994	-1.425491071
0.166765	-1.420991071
0.16644	-1.424830357
0.166192	-1.427883929
0.165829	-1.430169643
0.165505	-1.432142857
0.165237	-1.434892857
0.164951	-1.438535714
0.164626	-1.440366071
0.164302	-1.455839286
0.164015	-1.455
0.163557	-1.456276786
0.163442	-1.457732143
0.163041	-1.460946429
0.162659	-1.462821429
0.162545	-1.464821429
0.162125	-1.466071429
0.161667	-1.462732143
0.161609	-1.4666875
0.161151	-1.468116071
0.160826	-1.471214286
0.160674	-1.474321429
0.160483	-1.476526786
0.160024	-1.477901786
0.1597	-1.480928571
0.159394	-1.490642857
0.159012	-1.491901786
0.158726	-1.493428571
0.158516	-1.495803571
0.158287	-1.498553571
0.157771	-1.5005625
0.157428	-1.5015625
0.157237	-1.504803571
0.15695	-1.499964286
0.156568	-1.504392857
0.156454	-1.506598214
0.156091	-1.509535714
0.155652	-1.512214286
0.155442	-1.514794643
0.155213	-1.517553571
0.154678	-1.520035714
0.154487	-1.531151786
0.154086	-1.5318125
0.153685	-1.533830357
0.153456	-1.535178571
0.153322	-1.538169643
0.152978	-1.540375
0.152616	-1.543446429
0.152329	-1.545821429
0.152119	-1.540446429
0.15168	-1.5454375
0.151317	-1.547026786
0.151145	-1.550071429
0.150821	-1.552642857
0.150477	-1.555330357
0.15021	-1.558910714
0.149828	-1.560151786
0.149522	-1.570026786
0.149217	-1.571151786
0.148854	-1.573160714
0.148663	-1.574955357
0.148186	-1.57625
0.148109	-1.579160714
0.147766	-1.581794643
0.147384	-1.584294643
0.147155	-1.579330357
0.146811	-1.584098214
0.146429	-1.587669643
0.1462	-1.5900625
0.145952	-1.592303571
0.145455	-1.595375
0.145436	-1.597910714
0.144901	-1.600758929
0.144481	-1.616080357
0.144386	-1.616214286
0.143985	-1.616142857
0.143508	-1.618883929
0.143298	-1.621151786
0.142973	-1.623883929
0.142706	-1.625008929
0.142419	-1.626928571
0.142171	-1.623366071
0.141694	-1.626955357
0.141598	-1.629741071
0.141274	-1.633196429
0.140815	-1.635196429
0.140758	-1.6393125
0.140414	-1.6410625
0.139994	-1.643473214
0.139574	-1.652366071
0.13944	-1.654696429
0.138868	-1.656276786
0.138696	-1.658910714
0.138467	-1.660723214
0.13818	-1.663723214
0.137837	-1.665258929
0.137569	-1.6685
0.137206	-1.663839286
0.136805	-1.668705357
0.136653	-1.671473214
0.136385	-1.673223214
0.135889	-1.677169643
0.135698	-1.679205357
0.135469	-1.682330357
0.135163	-1.686375
0.13482	-1.691357143
0.134495	-1.693973214
0.133999	-1.695205357
0.133769	-1.698321429
0.133502	-1.7005625
0.133139	-1.703616071
0.132891	-1.705973214
0.132605	-1.709125
0.13228	-1.703607143
0.132089	-1.709303571
0.131593	-1.711258929
0.131306	-1.714392857
0.131134	-1.718008929
0.13081	-1.721857143
0.130332	-1.723276786
0.130122	-1.726330357
0.12976	-1.735598214
0.129473	-1.737357143
0.129187	-1.738767857
0.129015	-1.741723214
0.128557	-1.744669643
0.128327	-1.746616071
0.128156	-1.749178571
0.127583	-1.753133929
0.127354	-1.7476875
0.12701	-1.751830357
0.126723	-1.754910714
0.126399	-1.758133929
0.126284	-1.762178571
0.125864	-1.763830357
0.125521	-1.7681875
0.12533	-1.771928571
0.124852	-1.785910714
0.124604	-1.787089286
0.124356	-1.787732143
0.123878	-1.791035714
0.123611	-1.792375
0.123477	-1.794910714
0.122943	-1.798044643
0.122695	-1.800821429
0.122542	-1.796089286
0.12216	-1.799857143
0.121778	-1.8028125
0.121511	-1.80575
0.121205	-1.809348214
0.120804	-1.812267857
0.12046	-1.814866071
0.12027	-1.81675
0.120021	-1.826339286
0.11962	-1.827946429
0.119334	-1.830169643
0.118971	-1.833125
0.118666	-1.836357143
0.118436	-1.838303571
0.118074	-1.841375
0.117825	-1.843919643
0.117558	-1.839830357
0.117081	-1.844401786
0.116871	-1.846633929
0.116737	-1.8498125
0.116279	-1.852714286
0.116011	-1.855705357
0.115725	-1.859607143
0.115286	-1.862205357
0.115038	-1.868464286
0.114751	-1.870633929
0.114465	-1.872883929
0.114064	-1.876107143
0.11393	-1.879517857
0.113491	-1.882705357
0.113262	-1.884633929
0.112842	-1.887875
0.112594	-1.883339286
0.112326	-1.888598214
0.111983	-1.890723214
0.11162	-1.895544643
0.11141	-1.898241071
0.111142	-1.902303571
0.110741	-1.906258929
0.110436	-1.908723214
0.110169	-1.918276786
0.109863	-1.919875
0.109462	-1.921678571
0.109214	-1.924553571
0.109061	-1.927080357
0.108622	-1.930553571
0.108259	-1.933383929
0.108145	-1.9365625
0.107744	-1.932508929
0.107209	-1.936875
0.107113	-1.939803571
0.106865	-1.943625
0.106445	-1.947375
0.106178	-1.950508929
0.105758	-1.953776786
0.105338	-1.9563125
0.105204	-1.972857143
0.104937	-1.973321429
0.104517	-1.974455357
0.104058	-1.978035714
0.104077	-1.981196429
0.103485	-1.983767857
0.103294	-1.986071429
0.10318	-1.989017857
0.102722	-1.9858125
0.102359	-1.989348214
0.102111	-1.992482143
0.101901	-1.996383929
0.101461	-2.000035714
0.10127	-2.002214286
0.10085	-2.005089286
0.100602	-2.009089286
0.100125	-2.018303571
0.100144	-2.019758929
0.0995902	-2.023339286
0.0992274	-2.025678571
0.0989982	-2.0291875
0.0988455	-2.032651786
0.0983872	-2.035232143
0.0981199	-2.038669643
0.0978526	-2.034723214
0.0973943	-2.037714286
0.097146	-2.042544643
0.0969169	-2.046053571
0.0966305	-2.048535714
0.0963823	-2.052678571
0.0960386	-2.055821429
0.0956758	-2.059544643
0.0951793	-2.066526786
0.0950456	-2.068276786
0.0946638	-2.071392857
0.0944346	-2.074794643
0.0940527	-2.078375
0.0938236	-2.081294643
0.0935945	-2.084392857
0.0931553	-2.087383929
0.0929452	-2.083526786
0.0925252	-2.088285714
0.0921433	-2.091794643
0.0918951	-2.095598214
0.0916659	-2.09925
0.0913413	-2.1035
0.0911122	-2.107517857
0.0908448	-2.110107143
0.0905202	-2.119330357
0.0900047	-2.120723214
0.0897756	-2.123982143
0.0894509	-2.127678571
0.0889927	-2.130473214
0.0889927	-2.134392857
0.0885344	-2.138026786
0.088248	-2.1415
0.0879807	-2.137473214
0.087637	-2.142392857
0.0872742	-2.145785714
0.0871405	-2.149285714
0.0866822	-2.1526875
0.0862813	-2.156107143
0.0862622	-2.159491071
0.0857466	-2.163607143
0.0854984	-2.180160714
0.0853074	-2.180517857
0.0849255	-2.183169643
0.0844673	-2.1864375
0.0841045	-2.188982143
0.0838753	-2.193526786
0.0834744	-2.197214286
0.0834171	-2.199839286
0.0831498	-2.196080357
0.0826724	-2.199830357
0.0824433	-2.204553571
0.0820995	-2.208160714
0.0816604	-2.212285714
0.0814694	-2.215839286
0.0812021	-2.219008929
0.0808393	-2.222964286
0.0805147	-2.232821429
0.0801901	-2.235383929
0.0798082	-2.2384375
0.0795027	-2.241803571
0.0793499	-2.245642857
0.0790062	-2.247785714
0.0785862	-2.251839286
0.0783761	-2.254508929
0.0780706	-2.250696429
0.0778033	-2.255107143
0.0776123	-2.259107143
0.0772877	-2.262955357
0.0767722	-2.266973214
0.0766003	-2.2708125
0.0761611	-2.274428571
0.0758938	-2.279294643
0.0756074	-2.290223214
0.0753592	-2.291232143
0.0749391	-2.294044643
0.0747672	-2.298571429
0.0744617	-2.301758929
0.0740798	-2.305258929
0.0738507	-2.308142857
0.0734497	-2.312758929
0.0732015	-2.308598214
0.0728005	-2.3135625
0.072705	-2.316973214
0.0723995	-2.321883929
0.071884	-2.325714286
0.0717503	-2.329375
0.0713493	-2.333196429
0.0709865	-2.336758929
0.0707383	-2.346848214
0.0705092	-2.350053571
0.0700318	-2.352571429
0.06986	-2.357526786
0.0694399	-2.360160714
0.0690962	-2.363357143
0.0689243	-2.367098214
0.0685615	-2.372214286
0.0683324	-2.367160714
0.0678741	-2.371723214
0.0677214	-2.375357143
0.0674922	-2.380258929
0.0668812	-2.384080357
0.0666903	-2.388348214
0.0665375	-2.3924375
0.0659838	-2.396151786
0.0657737	-2.412642857
0.0655828	-2.414366071
0.0651818	-2.4168125
0.0647808	-2.420446429
0.0643989	-2.423892857
0.0641507	-2.427696429
0.0638261	-2.431446429
0.0636351	-2.436098214
0.063406	-2.431401786
0.0631005	-2.435508929
0.0625849	-2.439535714
0.0624513	-2.444125
0.0620503	-2.447303571
0.061783	-2.452544643
0.0614965	-2.45625
0.061191	-2.459803571
0.0607709	-2.470651786
0.0605991	-2.472696429
0.0602363	-2.476696429
0.0598926	-2.480089286
0.0596253	-2.483401786
0.0593579	-2.487357143
0.0591479	-2.490294643
0.0586324	-2.493875
0.0584032	-2.490633929
0.0579831	-2.496348214
0.0577922	-2.500928571
0.057544	-2.505107143
0.0571812	-2.509080357
0.0567611	-2.512767857
0.0565511	-2.517151786
0.0561692	-2.5210625
0.0558827	-2.527839286
0.0555963	-2.532080357
0.0554054	-2.535714286
0.0550235	-2.539214286
0.054718	-2.542357143
0.0544125	-2.546964286
0.0540688	-2.551410714
0.0538205	-2.555383929
0.0534577	-2.551464286
0.0530949	-2.558294643
0.0530377	-2.56075
0.052503	-2.565535714
0.0523312	-2.570276786
0.0520638	-2.575723214
0.051701	-2.578669643
0.0512237	-2.583116071
0.0509373	-2.594330357
0.0508036	-2.596839286
0.0503453	-2.600723214
0.0499825	-2.603455357
0.0498107	-2.607598214
0.0495624	-2.611910714
0.0490851	-2.614821429
0.0489896	-2.620830357
0.0485313	-2.617446429
0.0482449	-2.622660714
0.0479967	-2.626366071
0.0477294	-2.631446429
0.0473284	-2.635991071
0.0470611	-2.640303571
0.0466983	-2.645008929
0.04645	-2.649285714
0.0460681	-2.665901786
0.0458008	-2.668232143
0.0453998	-2.67125
0.0451134	-2.676008929
0.0449225	-2.678875
0.0444642	-2.683178571
0.0441587	-2.687169643
0.0439487	-2.6920625
0.0435859	-2.687892857
0.0434522	-2.692553571
0.0430512	-2.697758929
0.0427839	-2.702901786
0.0423065	-2.707071429
0.0421538	-2.711473214
0.0418292	-2.715803571
0.0415046	-2.720116071
0.0411418	-2.731035714
0.0409126	-2.734071429
0.0403589	-2.738723214
0.0402061	-2.743053571
0.0399961	-2.746982143
0.039576	-2.7505
0.0391941	-2.754098214
0.0390223	-2.759321429
0.0386022	-2.754866071
0.0382585	-2.759964286
0.0380293	-2.764919643
0.0378193	-2.770714286
0.0373992	-2.773616071
0.0372847	-2.777035714
0.0369028	-2.780866071
0.03654	-2.787258929
0.036139	-2.796419643
0.0359289	-2.799
0.0355852	-2.803633929
0.0352988	-2.808553571
0.0351079	-2.812196429
0.034726	-2.8164375
0.0343632	-2.821366071
0.0340577	-2.826035714
0.0337713	-2.821776786
0.0333894	-2.827964286
0.0332557	-2.831625
0.0328547	-2.837767857
0.0324155	-2.840758929
0.0324346	-2.847642857
0.0320146	-2.852008929
0.0315945	-2.855553571
0.0315372	-2.867080357
0.0310407	-2.870803571
0.0305634	-2.874982143
0.0304106	-2.879866071
0.030086	-2.882660714
0.0297996	-2.887142857
0.0293795	-2.891196429
0.0293031	-2.895848214
0.0287685	-2.892776786
0.0286539	-2.898571429
0.0283102	-2.903794643
0.0280238	-2.907258929
0.0275846	-2.913526786
0.0272982	-2.917964286
0.0269927	-2.9220625
0.0265726	-2.926321429
0.026439	-2.944
0.026038	-2.947017857
0.0256561	-2.950473214
0.0254651	-2.954544643
0.025236	-2.958482143
0.0247968	-2.963723214
0.0243576	-2.968741071
0.0241094	-2.972294643
0.0239758	-2.970035714
0.0235557	-2.974723214
0.0232502	-2.980205357
0.0230019	-2.985776786
0.0226582	-2.99125
0.0224482	-2.995598214
0.0220854	-2.999535714
0.0217417	-3.005035714
0.0214171	-3.0163125
0.0210734	-3.020830357
0.0207297	-3.025464286
0.0204815	-3.029732143
0.0201378	-3.035625
0.0198131	-3.038705357
0.0195458	-3.043446429
0.0193549	-3.047741071
0.0188966	-3.045116071
0.0186866	-3.050178571
0.0183811	-3.055973214
0.0180374	-3.060044643
0.0176937	-3.065375
0.0174645	-3.070892857
0.0170826	-3.075642857
0.0169108	-3.080866071
0.0166053	-3.088428571
0.0161088	-3.093116071
0.015746	-3.097964286
0.0156696	-3.101232143
0.0151923	-3.10625
0.0148104	-3.112732143
0.0146385	-3.116964286
0.0145431	-3.121669643
0.0140466	-3.118383929
0.0139129	-3.123651786
0.0133783	-3.130133929
0.0130537	-3.135714286
0.01292	-3.140839286
0.0123854	-3.146303571
0.0121562	-3.152366071
0.0119271	-3.156392857
0.011698	-3.168053571
0.0111824	-3.172089286
0.0110106	-3.177098214
0.0108196	-3.182642857
0.0103232	-3.187294643
0.0101704	-3.193107143
0.00979	-3.197633929
0.00941	-3.202535714
0.00908	-3.199741071
0.00901	-3.20625
0.00851	-3.211625
0.00826	-3.216669643
0.00809	-3.222357143
0.00759	-3.228321429
0.00725	-3.235071429
0.00704	-3.238625
0.00671	-3.256919643
0.00616	-3.259848214
0.00599	-3.264839286
0.00566	-3.269830357
0.00542	-3.274919643
0.00517	-3.280098214
0.00484	-3.285875
0.00442	-3.288508929
0.00412	-3.287830357
0.00393	-3.293419643
0.00351	-3.2999375
0.00326	-3.305107143
0.00301	-3.310651786
0.00263	-3.315214286
0.00234	-3.321419643
0.00215	-3.326625
0.00175	-3.339160714
0.00131	-3.344116071
0.00116	-3.348607143
8.52E-4	-3.354125
5.09E-4	-3.359294643
1.27E-4	-3.364357143
-4.52E-5	-3.370089286
-3.51E-4	-3.374526786
-6.37E-4	-3.372446429
-9.04E-4	-3.378732143
-0.00152	-3.384419643
-0.00165	-3.390053571
-0.0018	-3.395785714
-0.00228	-3.401446429
-0.0027	-3.405803571
-0.00281	-3.413303571
-0.00318	-3.440133929
-0.00354	-3.442866071
-0.00388	-3.447330357
-0.00411	-3.45175
-0.00432	-3.457125
-0.00486	-3.461553571
-0.00514	-3.467258929
-0.00545	-3.472151786
-0.0057	-3.469633929
-0.00595	-3.476258929
-0.00625	-3.481508929
-0.00663	-3.487366071
-0.00696	-3.493017857
-0.00722	-3.497821429
-0.00757	-3.503803571
-0.00778	-3.509026786
-0.00805	-3.52275
-0.00852	-3.526848214
-0.00885	-3.530625
-0.00915	-3.537598214
-0.0094	-3.543776786
-0.00978	-3.548901786
-0.0100507	-3.5533125
-0.0103753	-3.559732143
-0.0105663	-3.556892857
-0.01091	-3.563589286
-0.0111582	-3.569919643
-0.011521	-3.575794643
-0.0117883	-3.581732143
-0.0121511	-3.587991071
-0.0124757	-3.593991071
-0.0127812	-3.599598214
-0.0131631	-3.618839286
-0.0134686	-3.622330357
-0.013736	-3.625964286
-0.0140415	-3.632589286
-0.014347	-3.638303571
-0.0148816	-3.643678571
-0.0149389	-3.649473214
-0.0152826	-3.655053571
-0.0156263	-3.652607143
-0.0159318	-3.659758929
-0.0161801	-3.666410714
-0.0163137	-3.671714286
-0.0168866	-3.678375
-0.0171157	-3.6839375
-0.0173257	-3.689455357
-0.0176694	-3.696267857
-0.0181086	-3.707589286
-0.018185	-3.712107143
-0.018796	-3.718044643
-0.0191397	-3.724410714
-0.0192734	-3.7309375
-0.0195407	-3.735955357
-0.0198462	-3.742982143
-0.0201517	-3.748607143
-0.0204381	-3.747830357
-0.0207437	-3.754491071
-0.0211446	-3.7598125
-0.0213929	-3.766142857
-0.0217366	-3.77275
-0.0220421	-3.779214286
-0.0224049	-3.786294643
-0.0226531	-3.791857143
-0.023035	-3.801723214
-0.0234551	-3.807410714
-0.0235506	-3.813035714
-0.0237988	-3.817821429
-0.0242571	-3.8236875
-0.0244289	-3.830339286
-0.0248681	-3.836383929
-0.0251163	-3.842375
-0.0253454	-3.840982143
-0.0256701	-3.848589286
-0.0259947	-3.855053571
-0.0262811	-3.861758929
-0.0266057	-3.8681875
-0.0269685	-3.874410714
-0.027274	-3.880642857
-0.0275795	-3.887116071
-0.0278468	-3.8994375
-0.0281714	-3.904758929
-0.0285724	-3.910723214
-0.0287061	-3.916803571
-0.0290689	-3.922839286
-0.0293935	-3.930241071
-0.0297372	-3.933830357
-0.0300236	-3.940383929
-0.0302146	-3.939955357
-0.0304819	-3.94725
-0.0309592	-3.953821429
-0.0312838	-3.959848214
-0.0314939	-3.966785714
-0.0318376	-3.972705357
-0.0322195	-3.979428571
-0.0324868	-3.9865
-0.0328305	-4.006553571
-0.033136	-4.0119375
-0.0335943	-4.017089286
-0.0335943	-4.023035714
-0.0340335	-4.029375
-0.0343199	-4.035848214
-0.0346636	-4.041125
-0.0350455	-4.0475
-0.0353319	-4.045294643
-0.0356756	-4.051678571
-0.0358093	-4.057875
-0.0363248	-4.064785714
-0.0365158	-4.072589286
-0.0367449	-4.077607143
-0.0370504	-4.084285714
-0.0374896	-4.091392857
-0.0375469	-4.103767857
-0.0381961	-4.109955357
-0.0384061	-4.115214286
-0.0386925	-4.122258929
-0.0388644	-4.128375
-0.0393608	-4.133348214
-0.0395327	-4.140026786
-0.0398382	-4.145419643
-0.0402774	-4.143482143
-0.0404492	-4.150276786
-0.0407356	-4.157660714
-0.0410984	-4.164375
-0.0414994	-4.170758929
-0.0416904	-4.178214286
-0.0419004	-4.184258929
-0.0423969	-4.19
-0.0427406	-4.2004375
-0.0428933	-4.205651786
-0.0434089	-4.2110625
-0.0435998	-4.217955357
-0.0438481	-4.224151786
-0.0442299	-4.230151786
-0.04465	-4.2369375
-0.0447455	-4.242714286
-0.0449174	-4.239392857
-0.0453756	-4.247107143
-0.0457193	-4.253464286
-0.0458912	-4.261973214
-0.0462731	-4.268955357
-0.0465595	-4.275464286
-0.046865	-4.281151786
-0.0471132	-4.2876875
-0.047667	-4.301151786
-0.0479152	-4.306830357
-0.0481634	-4.313035714
-0.0486026	-4.319116071
-0.0486217	-4.325375
-0.0490036	-4.332214286
-0.0495	-4.338053571
-0.0497101	-4.344214286
-0.0499583	-4.343428571
-0.0503402	-4.351107143
-0.0506839	-4.358178571
-0.0508748	-4.363982143
-0.0511804	-4.371169643
-0.0517341	-4.377955357
-0.0516959	-4.385116071
-0.0520587	-4.390982143
-0.0525552	-4.410883929
-0.0528034	-4.416107143
-0.052918	-4.4215
-0.0534526	-4.428026786
-0.0537581	-4.435169643
-0.05393	-4.441392857
-0.0544073	-4.447517857
-0.0545792	-4.453276786
-0.0548083	-4.453794643
-0.055152	-4.459410714
-0.0555912	-4.467
-0.0557821	-4.474366071
-0.0563741	-4.481857143
-0.056565	-4.489883929
-0.0568133	-4.496107143
-0.057176	-4.501464286
-0.0574243	-4.515526786
-0.0576534	-4.521705357
-0.0580353	-4.527375
-0.0585318	-4.533875
-0.0586845	-4.540642857
-0.0589327	-4.547580357
-0.0592192	-4.553285714
-0.0596774	-4.559571429
-0.0599066	-4.5588125
-0.0600593	-4.566223214
-0.0604794	-4.572633929
-0.0606513	-4.579705357
-0.0610141	-4.586339286
-0.0615296	-4.593464286
-0.0617206	-4.600267857
-0.0620261	-4.607464286
-0.062408	-4.618017857
-0.0628471	-4.623357143
-0.0629044	-4.630116071
-0.0632099	-4.635660714
-0.0635727	-4.643625
-0.0637255	-4.649366071
-0.0642983	-4.656241071
-0.064432	-4.662883929
-0.0647757	-4.662267857
-0.0650812	-4.669330357
-0.0654058	-4.675133929
-0.065654	-4.682339286
-0.0660168	-4.689875
-0.0663796	-4.697116071
-0.0668188	-4.704089286
-0.0668379	-4.710598214
-0.0672962	-4.724776786
-0.067678	-4.730410714
-0.067869	-4.73675
-0.068079	-4.742633929
-0.0686901	-4.750348214
-0.0688428	-4.757910714
-0.0690719	-4.7630625
-0.0695875	-4.770928571
-0.0697212	-4.769107143
-0.0699885	-4.776330357
-0.0702749	-4.783714286
-0.0707523	-4.789767857
-0.0707905	-4.797160714
-0.0712296	-4.803866071
-0.0715924	-4.810473214
-0.0718407	-4.818125
-0.0721844	-4.838875
-0.0725472	-4.843446429
-0.0727763	-4.848857143
-0.0730627	-4.856196429
-0.073521	-4.862883929
-0.0736928	-4.868089286
-0.0739411	-4.875339286
-0.0744184	-4.882419643
-0.074743	-4.880223214
-0.0748767	-4.888339286
-0.0753159	-4.895178571
-0.0756023	-4.901678571
-0.0758314	-4.909410714
-0.0760987	-4.9149375
-0.0764615	-4.922169643
-0.0768052	-4.929821429
-0.077168	-4.944035714
-0.0773972	-4.949517857
-0.0777982	-4.95675
-0.0780273	-4.963526786
-0.0782755	-4.970348214
-0.0786956	-4.976892857
-0.0788484	-4.982964286
-0.0792684	-4.990535714
-0.0795739	-4.989142857
-0.0798604	-4.996321429
-0.0802232	-5.003169643
-0.0805287	-5.010803571
-0.0808533	-5.0170625
-0.0811397	-5.0239375
-0.0815789	-5.030482143
-0.0817125	-5.037776786
-0.0820944	-5.053178571
-0.0823808	-5.058589286
-0.0825909	-5.064767857
-0.0828773	-5.072392857
-0.0833356	-5.079598214
-0.0836602	-5.086830357
-0.0838893	-5.093071429
-0.084233	-5.09975
-0.0845003	-5.098383929
-0.0848249	-5.106178571
-0.085035	-5.1140625
-0.0854551	-5.120982143
-0.0857797	-5.127982143
-0.0860661	-5.135071429
-0.0863907	-5.142571429
-0.0867153	-5.149258929
-0.0869253	-5.163044643
-0.0873645	-5.169803571
-0.0875364	-5.176205357
-0.0878228	-5.183035714
-0.0882811	-5.191160714
-0.0884529	-5.198232143
-0.0887775	-5.203794643
-0.0891403	-5.211151786
-0.0894267	-5.210053571
-0.0895986	-5.217473214
-0.0898277	-5.223883929
-0.0903242	-5.230598214
-0.0906679	-5.238571429
-0.0908206	-5.245598214
-0.0912789	-5.251285714
-0.0916035	-5.257946429
-0.0918135	-5.278330357
-0.0922527	-5.283901786
-0.0927492	-5.289732143
-0.0927301	-5.296883929
-0.093112	-5.303276786
-0.0935893	-5.310875
-0.0936848	-5.316544643
-0.0941431	-5.323964286
-0.0944677	-5.323053571
-0.0946968	-5.330321429
-0.0949641	-5.3380625
-0.0952506	-5.345544643
-0.0955943	-5.353044643
-0.0959762	-5.360098214
-0.0962435	-5.366758929
-0.0966063	-5.373357143
-0.0967972	-5.387428571
-0.0972555	-5.394142857
-0.0976565	-5.400178571
-0.0976565	-5.405928571
-0.0980002	-5.412848214
-0.0983248	-5.419053571
-0.0985921	-5.425946429
-0.0988594	-5.433107143
-0.0993368	-5.431910714
-0.0996423	-5.438660714
-0.0998524	-5.446428571
-0.100292	-5.454071429
-0.100502	-5.461169643
-0.100635	-5.467901786
-0.101132	-5.474982143
-0.101418	-5.481517857
-0.10159	-5.492285714
-0.101972	-5.498196429
-0.102449	-5.504651786
-0.102678	-5.512133929
-0.102984	-5.5189375
-0.103328	-5.526241071
-0.103499	-5.532357143
-0.103805	-5.538723214
-0.104301	-5.537241071
-0.104511	-5.545892857
-0.104702	-5.552803571
-0.105065	-5.5598125
-0.10539	-5.567455357
-0.105714	-5.573901786
-0.106096	-5.579883929
-0.106344	-5.587107143
-0.106726	-5.600455357
-0.106956	-5.606383929
-0.107299	-5.613633929
-0.107567	-5.620535714
-0.107987	-5.626446429
-0.108178	-5.633241071
-0.108483	-5.639303571
-0.108884	-5.645839286
-0.108999	-5.6445625
-0.1094	-5.652553571
-0.10961	-5.659258929
-0.110125	-5.665732143
-0.110297	-5.673392857
-0.11066	-5.680205357
-0.111023	-5.687053571
-0.11129	-5.6925625
-0.11171	-5.712455357
-0.111901	-5.717767857
-0.112245	-5.723276786
-0.112569	-5.729705357
-0.113008	-5.735446429
-0.113028	-5.742571429
-0.113486	-5.7485
-0.113849	-5.754651786
-0.113944	-5.753116071
-0.114345	-5.759535714
-0.114765	-5.765714286
-0.115052	-5.7723125
-0.115281	-5.778339286
-0.115644	-5.78475
-0.115987	-5.790080357
-0.116274	-5.796178571
-0.116579	-5.808633929
-0.116866	-5.814419643
-0.117076	-5.8190625
-0.117477	-5.824089286
-0.117859	-5.831482143
-0.117973	-5.835508929
-0.118374	-5.841223214
-0.11868	-5.846625
-0.118947	-5.845160714
-0.119348	-5.852625
-0.119615	-5.858946429
-0.119806	-5.864508929
-0.120169	-5.871017857
-0.120513	-5.876419643
-0.12078	-5.882098214
-0.121124	-5.888973214
-0.121582	-5.897982143
-0.121658	-5.903696429
-0.122097	-5.907696429
-0.122422	-5.913196429
-0.122689	-5.919785714
-0.122919	-5.926339286
-0.123453	-5.931035714
-0.123491	-5.936598214
-0.123911	-5.932928571
-0.124217	-5.939535714
-0.12437	-5.945026786
-0.124923	-5.950883929
-0.125248	-5.956714286
-0.125363	-5.961035714
-0.125706	-5.966848214
-0.12605	-5.971169643
-0.12626	-5.981794643
-0.126757	-5.986723214
-0.126948	-5.991071429
-0.127215	-5.996035714
-0.127616	-6.000901786
-0.127979	-6.005857143
-0.128112	-6.010723214
-0.128609	-6.014705357
-0.128895	-6.011598214
-0.129105	-6.017205357
-0.129487	-6.021839286
-0.129697	-6.026910714
-0.130022	-6.032401786
-0.130251	-6.037571429
-0.130728	-6.041678571
-0.130957	-6.047375
-0.131377	-6.065982143
-0.131587	-6.068383929
-0.131893	-6.071303571
-0.132218	-6.076928571
-0.132599	-6.080419643
-0.132829	-6.085107143
-0.133191	-6.089964286
-0.133478	-6.093758929
-0.133631	-6.090044643
-0.133955	-6.094919643
-0.134356	-6.099508929
-0.134662	-6.104303571
-0.134929	-6.108125
-0.135368	-6.112901786
-0.135616	-6.118428571
-0.135979	-6.122705357
-0.13638	-6.1339375
-0.136476	-6.136428571
-0.1368	-6.140383929
-0.137239	-6.144669643
-0.137373	-6.148169643
-0.137793	-6.151839286
-0.138175	-6.155401786
-0.138366	-6.159446429
-0.138672	-6.155571429
-0.139034	-6.159910714
-0.139416	-6.163607143
-0.139684	-6.167946429
-0.140046	-6.172205357
-0.140275	-6.175660714
-0.140657	-6.179321429
-0.140906	-6.182598214
-0.140982	-6.191133929
-0.141574	-6.194169643
-0.141899	-6.198651786
-0.142147	-6.201982143
-0.14249	-6.205446429
-0.142777	-6.208348214
-0.142949	-6.212357143
-0.143312	-6.216116071
-0.143522	-6.211473214
-0.144037	-6.216964286
-0.1444	-6.220205357
-0.144438	-6.2234375
-0.144782	-6.227133929
-0.145126	-6.231
-0.145355	-6.235294643
-0.145813	-6.238464286
-0.146195	-6.249928571
-0.14629	-6.252357143
-0.146729	-6.255607143
-0.14715	-6.258982143
-0.147264	-6.262107143
-0.147684	-6.265321429
-0.148047	-6.267366071
-0.148142	-6.269330357
-0.148582	-6.266607143
-0.148658	-6.270026786
-0.149135	-6.274642857
-0.149441	-6.275901786
-0.149727	-6.281285714
-0.150109	-6.284446429
-0.150415	-6.287723214
-0.150567	-6.290928571
-0.151255	-6.307821429
-0.15135	-6.309919643
-0.151579	-6.312151786
-0.152	-6.315017857
-0.152343	-6.317357143
-0.15263	-6.320919643
-0.153012	-6.324125
-0.153126	-6.326696429
-0.153489	-6.320928571
-0.153947	-6.325169643
-0.154157	-6.328142857
-0.154329	-6.331491071
-0.154673	-6.334821429
-0.15494	-6.337357143
-0.15536	-6.339794643
-0.15557	-6.343821429
-0.155914	-6.354410714
-0.156334	-6.355839286
-0.156678	-6.359133929
-0.15685	-6.361651786
-0.157231	-6.364660714
-0.157499	-6.366375
-0.1579	-6.369598214
-0.15811	-6.371714286
-0.158434	-6.367607143
-0.158702	-6.370982143
-0.158969	-6.3736875
-0.159236	-6.378205357
-0.159599	-6.379553571
-0.159886	-6.38325
-0.160134	-6.3859375
-0.160668	-6.388419643
-0.16084	-6.4005
-0.161108	-6.402821429
-0.161604	-6.405973214
-0.161833	-6.407910714
-0.162024	-6.410508929
-0.162502	-6.413410714
-0.162712	-6.414741071
-0.163055	-6.417571429
-0.16317	-6.412508929
-0.16359	-6.416571429
-0.163991	-6.419892857
-0.164296	-6.423035714
-0.16443	-6.425455357
-0.165041	-6.428196429
-0.16527	-6.430517857
-0.165423	-6.432901786
-0.165862	-6.443491071
-0.16611	-6.444973214
-0.166397	-6.446383929
-0.166779	-6.449035714
-0.167008	-6.4513125
-0.167256	-6.4535625
-0.167638	-6.456267857
-0.168077	-6.458580357
-0.168192	-6.454294643
-0.168516	-6.457741071
-0.168975	-6.461160714
-0.169032	-6.463866071
-0.16949	-6.466116071
-0.169738	-6.469339286
-0.170101	-6.471517857
-0.170273	-6.474455357
-0.170712	-6.490151786
-0.171056	-6.491669643
-0.171342	-6.493285714
-0.171743	-6.495133929
-0.171953	-6.497910714
-0.172412	-6.499741071
-0.172755	-6.502035714
-0.17287	-6.504776786
-0.173233	-6.499901786
-0.173634	-6.502526786
-0.173786	-6.505035714
-0.17413	-6.508267857
-0.174436	-6.510696429
-0.174588	-6.512803571
-0.174951	-6.515285714
-0.175333	-6.518008929
-0.175448	-6.528607143
-0.176154	-6.530008929
-0.17625	-6.53175
-0.176651	-6.534794643
-0.177032	-6.538071429
-0.177128	-6.538866071
-0.177453	-6.540383929
-0.177815	-6.542910714
-0.178064	-6.537776786
-0.178445	-6.541321429
-0.178675	-6.543348214
-0.178923	-6.544008929
-0.179305	-6.546767857
-0.179648	-6.549517857
-0.179916	-6.551964286
-0.180355	-6.555571429
-0.18047	-6.562464286
-0.181023	-6.564928571
-0.181176	-6.566633929
-0.181462	-6.567696429
-0.181883	-6.571741071
-0.182093	-6.574410714
-0.182303	-6.575044643
-0.182818	-6.578276786
-0.182952	-6.572276786
-0.183353	-6.576901786
-0.183677	-6.578589286
-0.18383	-6.581
-0.184288	-6.5845
-0.184594	-6.588410714
-0.184785	-6.5906875
-0.185033	-6.591401786
-0.185606	-6.601669643
-0.185778	-6.602053571
-0.186179	-6.605071429
-0.186542	-6.6075
-0.186656	-6.610366071
-0.187057	-6.611892857
-0.187401	-6.612696429
-0.187611	-6.617232143
-0.187974	-6.610428571
-0.188203	-6.613776786
-0.188566	-6.616267857
-0.188928	-6.617723214
-0.189177	-6.6211875
-0.189425	-6.622580357
-0.189788	-6.626910714
-0.190189	-6.627464286
-0.190437	-6.643535714
-0.190761	-6.643946429
-0.191124	-6.645116071
-0.191277	-6.646071429
-0.191697	-6.647946429
-0.192041	-6.650866071
-0.192232	-6.653678571
-0.192595	-6.655473214
-0.192862	-6.650017857
-0.193091	-6.653330357
-0.193568	-6.655535714
-0.193797	-6.658294643
-0.194084	-6.660151786
-0.194428	-6.662553571
-0.194733	-6.664178571
-0.195096	-6.66625
-0.195306	-6.675044643
-0.195592	-6.677785714
-0.195879	-6.679339286
-0.196299	-6.681205357
-0.196604	-6.683410714
-0.196929	-6.685026786
-0.197158	-6.687008929
-0.197521	-6.688357143
-0.197846	-6.683339286
-0.198056	-6.686892857
-0.198495	-6.689473214
-0.198896	-6.690875
-0.198972	-6.692285714
-0.19943	-6.695607143
-0.199793	-6.698875
-0.199812	-6.701008929
-0.200271	-6.706767857
-0.200652	-6.708205357
-0.201015	-6.709964286
-0.201321	-6.710785714
-0.20155	-6.713866071
-0.20176	-6.715741071
-0.202161	-6.717607143
-0.202333	-6.719357143
-0.202734	-6.714267857
-0.203173	-6.716839286
-0.203249	-6.719544643
-0.203593	-6.721401786
-0.203937	-6.724339286
-0.204357	-6.726196429
-0.204643	-6.7291875
-0.204853	-6.729991071
-0.205159	-6.738803571
-0.205541	-6.740580357
-0.205712	-6.742410714
-0.206228	-6.744205357
-0.206534	-6.746767857
-0.206705	-6.749330357
-0.207106	-6.750142857
-0.207412	-6.752017857
-0.207622	-6.747508929
-0.208137	-6.749732143
-0.208233	-6.7521875
-0.208462	-6.753767857
-0.208978	-6.756803571
-0.209054	-6.759571429
-0.209436	-6.76125
-0.209837	-6.7631875
-0.2102	-6.779276786
-0.210582	-6.778955357
-0.210715	-6.778741071
-0.211193	-6.780553571
-0.211498	-6.7825625
-0.211746	-6.784276786
-0.212033	-6.786571429
-0.212338	-6.788080357
-0.212491	-6.782642857
-0.212854	-6.784705357
-0.213198	-6.787401786
-0.213522	-6.789276786
-0.213942	-6.790607143
-0.214152	-6.7940625
-0.214458	-6.7946875
-0.21484	-6.798080357
-0.215012	-6.806142857
-0.215489	-6.807714286
-0.215718	-6.809205357
-0.215985	-6.811223214
-0.216405	-6.811607143
-0.216673	-6.812464286
-0.216883	-6.8140625
-0.217227	-6.816598214
-0.21736	-6.811794643
-0.217818	-6.813232143
-0.218162	-6.814580357
-0.218487	-6.818571429
-0.218754	-6.820258929
-0.219002	-6.823571429
-0.219308	-6.826258929
-0.219709	-6.827508929
-0.219842	-6.833044643
-0.22032	-6.834178571
-0.220587	-6.8345
-0.220835	-6.835482143
-0.221179	-6.837928571
-0.221618	-6.8405625
-0.221809	-6.842625
-0.222172	-6.844571429
-0.222535	-6.838651786
-0.222726	-6.841321429
-0.222974	-6.843321429
-0.223184	-6.845366071
-0.223661	-6.847598214
-0.22391	-6.849758929
-0.224196	-6.852080357
-0.224616	-6.852928571
-0.224922	-6.862348214
-0.225113	-6.863883929
-0.225609	-6.866017857
-0.225857	-6.868267857
-0.22622	-6.8706875
-0.226506	-6.874017857
-0.226736	-6.875625
-0.227175	-6.8775625
-0.227442	-6.872089286
-0.227671	-6.874848214
-0.227958	-6.8775
-0.228263	-6.878553571
-0.228607	-6.881214286
-0.22897	-6.882776786
-0.229046	-6.883821429
-0.229485	-6.88725
-0.22981	-6.902848214
-0.230039	-6.903276786
-0.230478	-6.903517857
-0.230784	-6.9065
-0.230936	-6.908714286
-0.231356	-6.9105625
-0.2317	-6.912366071
-0.231967	-6.914348214
-0.232388	-6.91
-0.232636	-6.91125
-0.232865	-6.913741071
-0.23319	-6.915678571
-0.23338	-6.918741071
-0.233801	-6.920151786
-0.234354	-6.921776786
-0.234412	-6.924401786
-0.23487	-6.933964286
-0.235118	-6.935535714
-0.23529	-6.936107143
-0.235767	-6.938669643
-0.236111	-6.941848214
-0.236206	-6.943723214
-0.236607	-6.946223214
-0.236875	-6.948723214
-0.23718	-6.943303571
-0.237448	-6.946928571
-0.237791	-6.949410714
-0.23804	-6.953910714
-0.238479	-6.955767857
-0.238708	-6.958589286
-0.238994	-6.960330357
-0.239433	-6.963410714
-0.239682	-6.973089286
-0.239987	-6.974455357
-0.240465	-6.977214286
-0.240579	-6.978732143
-0.240961	-6.981526786
-0.241324	-6.983839286
-0.241457	-6.986669643
-0.241782	-6.989714286
-0.242183	-6.984125
-0.242374	-6.988419643
-0.242737	-6.991098214
-0.2431	-6.994330357
-0.243233	-6.996392857
-0.243711	-6.999580357
-0.244054	-7.002508929
-0.244207	-7.004178571
-0.244665	-7.0139375
-0.244933	-7.016383929
-0.245315	-7.018741071
-0.245601	-7.021392857
-0.245716	-7.023714286
-0.246097	-7.026607143
-0.246498	-7.029
-0.246785	-7.0329375
-0.247014	-7.0283125
-0.247434	-7.0329375
-0.247682	-7.036133929
-0.247835	-7.038044643
-0.248351	-7.042107143
-0.248561	-7.0454375
-0.248866	-7.0486875
-0.249191	-7.051625
-0.249496	-7.068071429
-0.249993	-7.069607143
-0.250203	-7.071303571
-0.250451	-7.074625
-0.250718	-7.078008929
-0.251119	-7.0815
-0.251368	-7.085294643
-0.251826	-7.087633929
-0.251998	-7.083321429
-0.25217	-7.086839286
-0.25259	-7.090857143
-0.253048	-7.094241071
-0.253105	-7.098491071
-0.253372	-7.102866071
-0.253831	-7.105276786
-0.254174	-7.108491071
-0.254556	-7.119705357
-0.254709	-7.123580357
-0.255015	-7.126098214
-0.255358	-7.130080357
-0.255683	-7.132794643
-0.255988	-7.136392857
-0.256313	-7.140330357
-0.256599	-7.144821429
-0.256981	-7.141544643
-0.257096	-7.145508929
-0.257669	-7.150598214
-0.257783	-7.154366071
-0.25807	-7.157678571
-0.258528	-7.162830357
-0.2587	-7.166410714
-0.258967	-7.170285714
-0.259464	-7.178491071
-0.259655	-7.183267857
-0.260017	-7.187392857
-0.260457	-7.191464286
-0.260552	-7.195821429
-0.260953	-7.200544643
-0.261182	-7.204625
-0.261411	-7.208642857
-0.261812	-7.203910714
-0.262118	-7.210258929
-0.262328	-7.215071429
-0.262786	-7.220464286
-0.262901	-7.225892857
-0.263473	-7.230803571
-0.26376	-7.235133929
-0.264008	-7.239044643
-0.264199	-7.2514375
-0.264638	-7.254526786
-0.264982	-7.260955357
-0.265287	-7.265830357
-0.265631	-7.272044643
-0.265708	-7.276633929
-0.266223	-7.281964286
-0.266414	-7.287928571
-0.266758	-7.284544643
-0.267178	-7.289151786
-0.267311	-7.295
-0.267617	-7.299508929
-0.268018	-7.307455357
-0.268285	-7.31325
-0.268724	-7.31925
-0.268992	-7.325330357
-0.26924	-7.343491071
-0.269526	-7.348410714
-0.270042	-7.3516875
-0.270061	-7.357169643
-0.270443	-7.362375
-0.270901	-7.368366071
-0.271035	-7.373669643
-0.271474	-7.378991071
-0.271799	-7.377366071
-0.271951	-7.384508929
-0.272295	-7.390955357
-0.272543	-7.396732143
-0.272983	-7.4028125
-0.273288	-7.408919643
-0.273536	-7.414848214
-0.27388	-7.421080357
-0.274224	-7.433455357
-0.274472	-7.439446429
-0.274625	-7.445473214
-0.275159	-7.4516875
-0.275408	-7.457071429
-0.275675	-7.463107143
-0.276057	-7.470321429
-0.276248	-7.477160714
-0.276611	-7.476035714
-0.276916	-7.483580357
-0.277183	-7.490196429
-0.27747	-7.497339286
-0.277833	-7.504401786
-0.2781	-7.510383929
-0.278195	-7.518625
-0.278997	-7.524535714
-0.27894	-7.534982143
-0.279398	-7.5425
-0.279742	-7.548714286
-0.280048	-7.556098214
-0.280315	-7.563669643
-0.280735	-7.571383929
-0.280964	-7.578491071
-0.281212	-7.585839286
-0.281499	-7.585919643
-0.281862	-7.594723214
-0.281995	-7.601705357
-0.282606	-7.609026786
-0.282759	-7.617678571
-0.28316	-7.625982143
-0.283332	-7.633008929
-0.283714	-7.641142857
-0.283886	-7.656491071
-0.284439	-7.664053571
-0.284668	-7.671633929
-0.284898	-7.680160714
-0.285203	-7.689035714
-0.285432	-7.697517857
-0.285814	-7.704964286
-0.286215	-7.713616071
-0.286425	-7.714767857
-0.286692	-7.723526786
-0.287017	-7.733026786
-0.287513	-7.742142857
-0.287647	-7.751508929
-0.288029	-7.759607143
-0.288239	-7.768410714
-0.288545	-7.777767857
-0.289003	-7.801348214
-0.289289	-7.808580357
-0.289595	-7.816241071
-0.289881	-7.826741071
-0.290187	-7.835607143
-0.290454	-7.844330357
-0.290931	-7.854116071
-0.291065	-7.863044643
-0.291371	-7.865741071
-0.291791	-7.875160714
-0.291943	-7.885723214
-0.292344	-7.895169643
-0.292554	-7.9056875
-0.292975	-7.914857143
-0.293204	-7.924660714
-0.293433	-7.935964286
-0.29391	-7.951464286
-0.294044	-7.960982143
-0.294445	-7.971866071
-0.294903	-7.981473214
-0.295113	-7.991785714
-0.295361	-8.002357143
-0.295953	-8.013535714
-0.295915	-8.023142857
-0.296087	-8.027160714
-0.296679	-8.038348214
-0.296946	-8.049991071
-0.297137	-8.061142857
-0.297481	-8.071794643
-0.297901	-8.083383929
-0.298111	-8.09575
-0.298416	-8.108455357
-0.298779	-8.123348214
-0.299142	-8.135375
-0.299409	-8.145526786
-0.299696	-8.156883929
-0.299868	-8.168508929
-0.300326	-8.180473214
-0.300631	-8.260169643
-0.300135	-8.109258929
-0.300059	-7.972883929
-0.299849	-7.848035714
-0.299238	-7.725660714
-0.299047	-7.609553571
-0.298913	-7.495883929
-0.298455	-7.380017857
-0.298226	-7.2718125
-0.297996	-7.165098214
-0.2975	-7.059419643
-0.297271	-6.956973214
-0.29687	-6.855178571
-0.296717	-6.755223214
-0.296202	-6.655633929
-0.296125	-6.566678571
-0.295667	-6.469723214
-0.295438	-6.375973214
-0.295075	-6.281803571
-0.294808	-6.188607143
-0.294483	-6.098401786
-0.29433	-6.007375
-0.293834	-5.918223214
-0.293395	-5.822982143
-0.293261	-5.737625
-0.29307	-5.650946429
-0.292631	-5.566258929
-0.292268	-5.481964286
-0.292058	-5.399446429
-0.291676	-5.315642857
-0.29139	-5.2344375
-0.291237	-5.159517857
-0.290817	-5.078169643
-0.290569	-4.998723214
-0.290149	-4.918241071
-0.289862	-4.840741071
-0.289576	-4.763017857
-0.289347	-4.686723214
-0.288888	-4.6100625
-0.288564	-4.522223214
-0.288392	-4.449080357
-0.288029	-4.375419643
-0.287781	-4.3015
-0.287399	-4.228910714
-0.287208	-4.157142857
-0.286883	-4.085446429
-0.286559	-4.013955357
-0.286158	-3.948339286
-0.285833	-3.878633929
-0.285661	-3.808526786
-0.28526	-3.739330357
-0.284802	-3.671267857
-0.284573	-3.603964286
-0.284325	-3.537294643
-0.284019	-3.469919643
-0.283771	-3.397723214
-0.283427	-3.331705357
-0.282988	-3.267258929
-0.282721	-3.202107143
-0.282473	-3.138758929
-0.28211	-3.074607143
-0.281919	-3.012214286
-0.281575	-2.949258929
-0.281155	-2.895
-0.280907	-2.831491071
-0.280716	-2.770223214
-0.280162	-2.707660714
-0.279895	-2.646696429
-0.279799	-2.587151786
-0.27936	-2.527464286
-0.279055	-2.467919643
-0.278711	-2.406339286
-0.278425	-2.347107143
-0.278138	-2.288321429
-0.277833	-2.231214286
-0.277642	-2.174142857
-0.277222	-2.116705357
-0.276973	-2.060276786
-0.276515	-2.004071429
-0.276362	-1.956080357
-0.276076	-1.899116071
-0.275847	-1.844642857
-0.275331	-1.789419643
-0.27514	-1.734008929
-0.274873	-1.680330357
-0.274548	-1.626348214
-0.274166	-1.573955357
-0.273918	-1.515
-0.27346	-1.462714286
-0.273212	-1.411392857
-0.272849	-1.360044643
-0.272505	-1.308035714
-0.272314	-1.257964286
-0.272104	-1.207107143
-0.271741	-1.1575625
-0.271474	-1.114464286
-0.271188	-1.064366071
-0.27071	-1.01375
-0.270634	-0.964455357
-0.270176	-0.916303571
-0.269736	-0.867200893
-0.269622	-0.819627679
-0.269259	-0.771295536
-0.268858	-0.711086607
-0.268629	-0.665046429
-0.268343	-0.61831875
-0.268018	-0.571857143
-0.267617	-0.525588393
-0.267369	-0.480273214
-0.267006	-0.434702679
-0.266567	-0.388888393
-0.266433	-0.351445536
-0.266128	-0.305915179
-0.265822	-0.261482143
-0.265631	-0.217158036
-0.265268	-0.173538393
-0.264925	-0.129051786
-0.264638	-0.085326786
-0.264314	-0.042210268
-0.263894	0.004358089
-0.263703	0.046083214
-0.263359	0.088261964
-0.263034	0.129972321
-0.262729	0.171900893
-0.2625	0.21318125
-0.262099	0.254366071
-0.26187	0.294772321
-0.261621	0.328463393
-0.261125	0.368798214
-0.259807	0.566369643
-0.259311	0.605625
-0.259024	0.64709375
-0.258776	0.6853
-0.258643	0.722846429
-0.258089	0.761555357
-0.257764	0.798495536
-0.257611	0.835416964
-0.257287	0.872198214
-0.255855	1.01425
-0.255683	1.049910714
-0.255339	1.085473214
-0.25511	1.121053571
-0.254728	1.156669643
-0.254518	1.191375
-0.254251	1.232142857
-0.253869	1.266169643
-0.253506	1.300571429
-0.253353	1.335053571
-0.252952	1.367607143
-0.25257	1.401053571
-0.252399	1.433419643
-0.252093	1.466723214
-0.251635	1.49325
-0.251425	1.528098214
-0.251157	1.559598214
-0.250642	1.591964286
-0.250566	1.624160714
-0.250222	1.6563125
-0.249802	1.687133929
-0.249687	1.718142857
-0.249324	1.761107143
-0.248923	1.790241071
-0.248637	1.8205625
-0.24837	1.849080357
-0.247931	1.879160714
-0.247606	1.908375
-0.247377	1.9375625
-0.24709	1.967678571
-0.246708	1.990848214
-0.246422	2.020571429
-0.246307	2.0485
-0.245945	2.076017857
-0.245601	2.105017857
-0.245429	2.132785714
-0.244952	2.161116071
-0.244551	2.190571429
-0.244245	2.224098214
-0.244035	2.251
-0.243501	2.278428571
-0.243329	2.304794643
-0.243233	2.331348214
-0.242775	2.358375
-0.242374	2.384026786
-0.242259	2.410464286
-0.241954	2.428508929
-0.241324	2.455875
-0.241228	2.481633929
-0.240866	2.507785714
-0.240503	2.533732143
-0.240274	2.558017857
-0.239968	2.583258929
-0.23972	2.608339286
-0.239281	2.641446429
-0.239032	2.663919643
-0.238708	2.688553571
-0.238536	2.712321429
-0.23825	2.736232143
-0.237887	2.759696429
-0.237448	2.782758929
-0.237199	2.805723214
-0.236989	2.821955357
-0.236493	2.845883929
-0.236302	2.868375
-0.235939	2.891214286
-0.235634	2.914035714
-0.235405	2.936178571
-0.235214	2.959857143
-0.234813	2.9824375
-0.23424	3.009928571
-0.234144	3.031
-0.233877	3.052214286
-0.233457	3.073446429
-0.23317	3.094455357
-0.233018	3.116196429
-0.232579	3.136767857
-0.232139	3.156205357
-0.232101	3.169589286
-0.231681	3.191330357
-0.231299	3.212330357
-0.231051	3.232339286
-0.230765	3.252330357
-0.230383	3.272625
-0.230154	3.291785714
-0.229829	3.311714286
-0.229562	3.344125
-0.229218	3.361973214
-0.22897	3.381017857
-0.228569	3.399705357
-0.228263	3.418803571
-0.227939	3.435821429
-0.227671	3.454830357
-0.227251	3.4718125
-0.226965	3.482776786
-0.226736	3.5018125
-0.226449	3.519553571
-0.226029	3.538330357
-0.225743	3.556446429
-0.225609	3.5745625
-0.225361	3.591
-0.224883	3.607955357
-0.224712	3.631732143
-0.224349	3.648258929
-0.223929	3.664205357
-0.223623	3.680571429
-0.223318	3.697383929
-0.223069	3.713910714
-0.222611	3.7306875
-0.222325	3.747125
-0.222267	3.755776786
-0.221866	3.772482143
-0.221504	3.787633929
-0.221236	3.804285714
-0.220835	3.820428571
-0.22053	3.834491071
-0.220396	3.849982143
-0.220033	3.865732143
-0.21969	3.884633929
-0.219384	3.8989375
-0.218926	3.914285714
-0.218659	3.928848214
-0.218563	3.943526786
-0.217933	3.957089286
-0.217933	3.971491071
-0.217475	3.986241071
-0.217074	3.993071429
-0.217036	4.008625
-0.216635	4.022
-0.216176	4.035446429
-0.215966	4.048616071
-0.215852	4.063151786
-0.215374	4.076392857
-0.215202	4.0903125
-0.214801	4.111348214
-0.214458	4.123035714
-0.214171	4.13575
-0.213828	4.1485
-0.213484	4.161571429
-0.21314	4.173821429
-0.212949	4.186616071
-0.212606	4.198928571
-0.212281	4.203705357
-0.211842	4.216035714
-0.211823	4.229053571
-0.211403	4.241571429
-0.211002	4.2539375
-0.210849	4.265848214
-0.210582	4.277232143
-0.210162	4.290133929
-0.209837	4.313589286
-0.209608	4.323669643
-0.209054	4.335133929
-0.208806	4.346223214
-0.208634	4.356455357
-0.208367	4.367419643
-0.208042	4.378348214
-0.207622	4.389767857
-0.207316	4.392303571
-0.20682	4.403151786
-0.206744	4.413348214
-0.206304	4.424116071
-0.20619	4.434910714
-0.205712	4.445517857
-0.205579	4.455714286
-0.205178	4.466116071
-0.204834	4.482642857
-0.20472	4.491535714
-0.204223	4.502
-0.203879	4.51175
-0.203708	4.519955357
-0.203326	4.529839286
-0.203001	4.539089286
-0.202791	4.548580357
-0.20239	4.550276786
-0.202123	4.560125
-0.20176	4.5698125
-0.201531	4.579946429
-0.201187	4.589214286
-0.200767	4.5981875
-0.200652	4.607357143
-0.200481	4.615678571
-0.200003	4.628776786
-0.199717	4.6376875
-0.19943	4.645339286
-0.198953	4.654696429
-0.198667	4.662633929
-0.198552	4.671366071
-0.198075	4.679133929
-0.197731	4.688696429
-0.197521	4.689696429
-0.197024	4.698821429
-0.196929	4.705982143
-0.196623	4.7134375
-0.196146	4.722133929
-0.195955	4.730705357
-0.195745	4.738526786
-0.195325	4.7468125
-0.195039	4.761053571
-0.194733	4.768508929
-0.194466	4.776625
-0.19416	4.782803571
-0.193893	4.791080357
-0.193587	4.799098214
-0.193072	4.806491071
-0.192709	4.812883929
-0.192709	4.813883929
-0.192365	4.821625
-0.192003	4.828571429
-0.191716	4.836383929
-0.191449	4.844026786
-0.191105	4.851732143
-0.190666	4.85825
-0.190456	4.865964286
-0.19017	4.885446429
-0.189807	4.890446429
-0.189539	4.897232143
-0.189119	4.903955357
-0.188776	4.9109375
-0.188546	4.916321429
-0.18826	4.922616071
-0.187802	4.928991071
-0.187668	4.928910714
-0.187439	4.935089286
-0.186962	4.940946429
-0.186694	4.9475
-0.186427	4.953741071
-0.186083	4.9601875
-0.185854	4.966241071
-0.18553	4.973875
-0.185148	4.98675
-0.184804	4.991303571
-0.184575	4.996857143
-0.184403	5.002830357
-0.18383	5.009571429
-0.183525	5.014473214
-0.183353	5.02125
-0.183028	5.0271875
-0.182665	5.024580357
-0.182455	5.031491071
-0.182131	5.037205357
-0.181844	5.042919643
-0.181539	5.049375
-0.181176	5.054508929
-0.180813	5.060723214
-0.180584	5.066741071
-0.180298	5.075598214
-0.179801	5.081571429
-0.179706	5.086830357
-0.179362	5.092
-0.179114	5.096741071
-0.178713	5.102892857
-0.178407	5.108482143
-0.178178	5.113857143
-0.177739	5.112089286
-0.177682	5.119026786
-0.177338	5.125044643
-0.176803	5.128883929
-0.176632	5.134491071
-0.176364	5.139767857
-0.175868	5.144491071
-0.175677	5.149178571
-0.17539	5.162107143
-0.175047	5.16625
-0.174607	5.171473214
-0.174378	5.176973214
-0.174111	5.18075
-0.173958	5.1856875
-0.173595	5.1905
-0.173309	5.1940625
-0.172793	5.191205357
-0.17266	5.196392857
-0.172221	5.201348214
-0.171896	5.205375
-0.171629	5.211223214
-0.171342	5.215294643
-0.171094	5.219410714
-0.170674	5.224
-0.170349	5.241160714
-0.170178	5.245071429
-0.1697	5.247982143
-0.16949	5.251464286
-0.169299	5.255883929
-0.168879	5.259303571
-0.168459	5.264205357
-0.168306	5.268276786
-0.168001	5.267544643
-0.167562	5.271053571
-0.167199	5.274946429
-0.167142	5.278741071
-0.166779	5.283678571
-0.166435	5.288589286
-0.166129	5.292901786
-0.165786	5.29675
-0.165366	5.307678571
-0.165098	5.309660714
-0.164927	5.314339286
-0.164659	5.318633929
-0.164182	5.322151786
-0.16401	5.326517857
-0.163514	5.330446429
-0.163151	5.334607143
-0.162979	5.330857143
-0.162692	5.335526786
-0.162387	5.3386875
-0.162139	5.343973214
-0.161891	5.347875
-0.161642	5.350821429
-0.161318	5.3550625
-0.160936	5.359366071
-0.16042	5.373080357
-0.160134	5.376053571
-0.159905	5.3796875
-0.159809	5.382919643
-0.159351	5.386303571
-0.158988	5.389330357
-0.158664	5.393669643
-0.158396	5.3968125
-0.158053	5.393464286
-0.157938	5.398419643
-0.157613	5.402321429
