-0.157098	7.572910714
-0.156964	7.583910714
-0.156544	7.5963125
-0.156258	7.608544643
-0.156009	7.620732143
-0.155551	7.639
-0.155322	7.649142857
-0.154978	7.659464286
-0.154596	7.671526786
-0.154405	7.682678571
-0.154157	7.693508929
-0.153737	7.704357143
-0.153508	7.715125
-0.153203	7.718375
-0.152821	7.731866071
-0.152611	7.742196429
-0.152229	7.753544643
-0.151885	7.764848214
-0.151694	7.777142857
-0.151369	7.786526786
-0.151045	7.798276786
-0.150758	7.822526786
-0.1503	7.833553571
-0.150071	7.844607143
-0.149651	7.854169643
-0.149479	7.862339286
-0.149135	7.873589286
-0.148811	7.884946429
-0.14841	7.896214286
-0.148429	7.898294643
-0.147837	7.908455357
-0.147589	7.919982143
-0.14734	7.932348214
-0.14692	7.941026786
-0.1465	7.951669643
-0.1465	7.962964286
-0.14608	7.972473214
-0.145851	7.991116071
-0.145507	7.999892857
-0.145011	8.009071429
-0.144915	8.019901786
-0.144495	8.031125
-0.144152	8.042794643
-0.143903	8.051330357
-0.143579	8.060410714
-0.143331	8.061589286
-0.142949	8.0728125
-0.14272	8.083794643
-0.142433	8.09325
-0.142109	8.101785714
-0.14186	8.111410714
-0.141478	8.123446429
-0.141116	8.1329375
-0.140715	8.145973214
-0.1406	8.155375
-0.140218	8.164383929
-0.139817	8.1755
-0.139626	8.184544643
-0.139321	8.194544643
-0.13892	8.2026875
-0.138843	8.213285714
-0.138328	8.213464286
-0.138099	8.22475
-0.137831	8.231446429
-0.137507	8.241348214
-0.137125	8.251330357
-0.136991	8.260741071
-0.136609	8.271053571
-0.136208	8.281705357
-0.135884	8.2988125
-0.135502	8.307803571
-0.135502	8.316276786
-0.135024	8.3255
-0.134681	8.33575
-0.134509	8.3455625
-0.134032	8.355776786
-0.133841	8.363642857
-0.133516	8.364017857
-0.133172	8.372705357
-0.132867	8.380901786
-0.132638	8.390830357
-0.132237	8.400392857
-0.131817	8.40825
-0.131645	8.417848214
-0.131186	8.427571429
-0.131034	8.452107143
-0.130671	8.460428571
-0.130404	8.468410714
-0.130041	8.478696429
-0.129735	8.487767857
-0.129296	8.496732143
-0.129315	8.506080357
-0.128895	8.513151786
-0.12836	8.516446429
-0.128303	8.527669643
-0.127826	8.534169643
-0.127673	8.543267857
-0.127463	8.552133929
-0.127119	8.560535714
-0.126661	8.570089286
-0.126451	8.578276786
-0.125974	8.594330357
-0.125764	8.601517857
-0.12542	8.611866071
-0.125229	8.620348214
-0.124904	8.629571429
-0.124446	8.638258929
-0.124007	8.646026786
-0.123911	8.654803571
-0.123549	8.652607143
-0.123224	8.661919643
-0.123129	8.669741071
-0.122766	8.677616071
-0.122308	8.686803571
-0.122212	8.694866071
-0.121677	8.702464286
-0.12141	8.710267857
-0.1212	8.722803571
-0.120723	8.730571429
-0.120551	8.739053571
-0.120245	8.745544643
-0.119768	8.753696429
-0.119672	8.762044643
-0.119367	8.769473214
-0.118871	8.777723214
-0.118756	8.776866071
-0.118431	8.786741071
-0.118069	8.796473214
-0.117782	8.804160714
-0.117438	8.813428571
-0.117152	8.819464286
-0.116904	8.829410714
-0.116541	8.839035714
-0.116197	8.853089286
-0.11593	8.86025
-0.115548	8.868098214
-0.115204	8.876517857
-0.114994	8.885598214
-0.114632	8.891705357
-0.11446	8.898482143
-0.114154	8.905946429
-0.113849	8.905580357
-0.113581	8.916196429
-0.113295	8.923330357
-0.11276	8.930357143
-0.112531	8.940803571
-0.112397	8.949107143
-0.111844	8.954910714
-0.111767	8.963392857
-0.111271	8.985
-0.110927	8.990803571
-0.110755	8.999910714
-0.110354	9.006428571
-0.110011	9.013125
-0.109801	9.020535714
-0.109457	9.029553571
-0.109113	9.036071429
-0.108808	9.034910714
-0.108445	9.042857143
-0.108273	9.050446429
-0.107968	9.058392857
-0.107624	9.066875
-0.107414	9.075178571
-0.106936	9.081071429
-0.106574	9.089196429
-0.106364	9.104732143
-0.10602	9.111071429
-0.105714	9.117678571
-0.105409	9.123660714
-0.103652	9.16625
-0.103098	9.176785714
-0.103079	9.182142857
-0.102755	9.192232143
-0.102335	9.198660714
-0.102182	9.206964286
-0.101762	9.21375
-0.101418	9.225089286
-0.10117	9.229196429
-0.100826	9.238125
-0.100463	9.246875
-0.100292	9.25375
-0.100005	9.259375
-0.0996423	9.265089286
-0.0993941	9.272857143
-0.0990695	9.271607143
-0.098764	9.279375
-0.0984584	9.285892857
-0.0979238	9.291964286
-0.0977901	9.3
-0.0974655	9.307232143
-0.0970836	9.313214286
-0.09695	9.318392857
-0.0966254	9.336607143
-0.0961098	9.342589286
-0.095938	9.347321429
-0.0955943	9.355714286
-0.0953078	9.360535714
-0.0949641	9.368125
-0.0946204	9.374464286
-0.0942195	9.380803571
-0.094124	9.379732143
-0.0937039	9.386428571
-0.0933984	9.392857143
-0.0931311	9.401428571
-0.0927874	9.407232143
-0.0925773	9.41375
-0.0922718	9.417142857
-0.0919472	9.42375
-0.091699	9.447410714
-0.0912598	9.451428571
-0.090897	9.455267857
-0.0906488	9.462053571
-0.0903433	9.469553571
-0.0899423	9.477321429
-0.0898277	9.481071429
-0.0894458	9.486071429
-0.0891021	9.484375
-0.0888921	9.490803571
-0.0885675	9.499196429
-0.0881665	9.504375
-0.0879374	9.509732143
-0.0876891	9.517142857
-0.0872881	9.523482143
-0.0870017	9.529017857
-0.086658	9.543035714
-0.0861998	9.546875
-0.0861807	9.552767857
-0.0857606	9.560178571
-0.0853596	9.56375
-0.0851686	9.568125
-0.0848249	9.576071429
-0.0844049	9.584821429
-0.0843476	9.581160714
-0.0841184	9.585625
-0.0835265	9.589375
-0.0833547	9.596517857
-0.0830491	9.604107143
-0.0826482	9.608839286
-0.0823808	9.614910714
-0.081999	9.619017857
-0.0817507	9.634464286
-0.081407	9.638839286
-0.0811588	9.643571429
-0.0807578	9.648392857
-0.0805478	9.653571429
-0.0803377	9.660357143
-0.0797458	9.668392857
-0.0797076	9.670625
-0.0792684	9.667410714
-0.0789629	9.675982143
-0.0786765	9.681696429
-0.0782182	9.686875
-0.0781609	9.693839286
-0.0778363	9.698571429
-0.0775117	9.705178571
-0.0770917	9.710089286
-0.0769198	9.722142857
-0.0764997	9.727053571
-0.0762133	9.731428571
-0.0760605	9.738482143
-0.0755641	9.745089286
-0.0752013	9.749285714
-0.0750104	9.753392857
-0.074533	9.756517857
-0.074342	9.755446429
-0.0741511	9.763214286
-0.0737501	9.766160714
-0.0734828	9.771428571
-0.0731009	9.779196429
-0.0729481	9.781071429
-0.0724899	9.786964286
-0.072318	9.791785714
-0.0717261	9.809107143
-0.0715351	9.814732143
-0.0714015	9.820446429
-0.0708859	9.823482143
-0.0705231	9.831071429
-0.0703513	9.833928571
-0.0700267	9.839107143
-0.0697975	9.844464286
-0.0694347	9.838928571
-0.069091	9.844464286
-0.068881	9.848214286
-0.0686519	9.854375
-0.0681936	9.861785714
-0.0679263	9.863928571
-0.0676017	9.869375
-0.0672007	9.874464286
-0.0669334	9.886875
-0.0667806	9.891607143
-0.066265	9.894642857
-0.0660359	9.896785714
-0.0657304	9.902857143
-0.065444	9.905803571
-0.0651194	9.911875
-0.0647566	9.914464286
-0.0644893	9.910089286
-0.0640692	9.917053571
-0.0639737	9.920625
-0.0635154	9.926071429
-0.0633627	9.931696429
-0.0629617	9.935803571
-0.0625416	9.940982143
-0.0623507	9.945446429
-0.062007	9.951964286
-0.061606	9.955982143
-0.0614723	9.961071429
-0.0611859	9.964285714
-0.060804	9.970178571
-0.0604412	9.973392857
-0.0601739	9.977053571
-0.0598302	9.981071429
-0.0596583	9.977767857
-0.0592764	9.983125
-0.0591046	9.987321429
-0.058589	9.989017857
-0.058379	9.996428571
-0.0581117	9.999017857
-0.0576534	10.00348214
-0.057367	10.00651786
-0.0571379	10.01919643
-0.0567369	10.02223214
-0.0564314	10.02589286
-0.0562213	10.02883929
-0.0557249	10.03232143
-0.0554957	10.03910714
-0.0552666	10.04026786
-0.0550756	10.04258929
-0.0546747	10.04098214
-0.0543882	10.04258929
-0.05414	10.04839286
-0.0537581	10.05375
-0.0534526	10.05607143
-0.0531089	10.05875
-0.052918	10.06223214
-0.0525361	10.0675
-0.0520778	10.08741071
-0.0518869	10.08955357
-0.0515813	10.09071429
-0.0512186	10.09276786
-0.0509512	10.09910714
-0.0507221	10.09973214
-0.0501874	10.10392857
-0.0500729	10.10714286
-0.0497483	10.10401786
-0.0492709	10.10660714
-0.0491754	10.11178571
-0.0487363	10.11526786
-0.0485835	10.11785714
-0.0482589	10.12178571
-0.0478961	10.12464286
-0.0475524	10.126875
-0.0472087	10.13758929
-0.0469032	10.13883929
-0.0464831	10.14401786
-0.0463876	10.14696429
-0.0459103	10.14892857
-0.0457384	10.15419643
-0.0453374	10.15642857
-0.0449364	10.15973214
-0.0448792	10.15321429
-0.04444	10.15526786
-0.0441345	10.15875
-0.0438862	10.16455357
-0.0435425	10.16901786
-0.043237	10.17017857
-0.0429506	10.17267857
-0.0425878	10.17553571
-0.0422441	10.18276786
-0.0421105	10.18464286
-0.0417286	10.18642857
-0.0412894	10.19196429
-0.0410984	10.19196429
-0.0407166	10.19776786
-0.0404492	10.19928571
-0.0402201	10.19973214
-0.0397618	10.19428571
-0.0396473	10.19723214
-0.0392463	10.20133929
-0.0389217	10.20508929
-0.0386543	10.20508929
-0.0384252	10.20625
-0.0379669	10.21258929
-0.0377569	10.21455357
-0.0373941	10.22651786
-0.0370504	10.22517857
-0.0369358	10.22473214
-0.0364585	10.22973214
-0.0360957	10.23267857
-0.0360575	10.23339286
-0.0355992	10.23553571
-0.0353128	10.23732143
-0.03495	10.23366071
-0.0345872	10.23455357
-0.0343199	10.23758929
-0.034148	10.24160714
-0.0336134	10.24482143
-0.0335179	10.24535714
-0.033136	10.24910714
-0.0327159	10.24794643
-0.0326396	10.26866071
-0.0320858	10.26723214
-0.0318185	10.27071429
-0.0314748	10.27125
-0.0311502	10.26964286
-0.0308829	10.27419643
-0.0306537	10.27544643
-0.0302146	10.275625
-0.0301382	10.26964286
-0.0296608	10.27107143
-0.0293553	10.27383929
-0.0291262	10.27651786
-0.0288588	10.27732143
-0.0284197	10.27794643
-0.0282478	10.27866071
-0.0279041	10.28089286
-0.027484	10.2925
-0.0272358	10.293125
-0.0267966	10.29348214
-0.0267203	10.29339286
-0.0263575	10.29651786
-0.0259183	10.29857143
-0.0256701	10.29776786
-0.0255173	10.29866071
-0.0251354	10.29178571
-0.0249063	10.29642857
-0.0245244	10.29598214
-0.0242189	10.29830357
-0.0240661	10.29848214
-0.0235887	10.30098214
-0.0230923	10.30410714
-0.0230923	10.30330357
-0.0225767	10.308125
-0.0223094	10.30892857
-0.0219657	10.31151786
-0.0216793	10.31151786
-0.0214883	10.31428571
-0.0211256	10.31419643
-0.0206864	10.31535714
-0.0204763	10.31428571
-0.0201326	10.30642857
-0.0198271	10.30839286
-0.0195789	10.30875
-0.0193116	10.31
-0.0189106	10.31366071
-0.0187387	10.31303571
-0.018395	10.31294643
-0.0181277	10.31321429
-0.0177649	10.32294643
-0.0173066	10.324375
-0.0171348	10.32366071
-0.0169057	10.32294643
-0.0163519	10.32482143
-0.0159127	10.32366071
-0.0158936	10.32410714
-0.0153017	10.32348214
-0.0152444	10.31366071
-0.0148625	10.31383929
-0.0147289	10.315625
-0.0144043	10.31892857
-0.0140033	10.31776786
-0.0137169	10.3175
-0.0134495	10.31883929
-0.0132204	10.31758929
-0.0126094	10.33526786
-0.012533	10.32991071
-0.0121702	10.33214286
-0.0118265	10.33151786
-0.0116165	10.330625
-0.0112346	10.33035714
-0.0108909	10.32982143
-0.0105281	10.32982143
-0.010318	10.31848214
-0.0101271	10.32080357
-0.00967	10.3225
-0.0095	10.32267857
-0.00912	10.31901786
-0.00881	10.32303571
-0.0085	10.32071429
-0.0082	10.32205357
-0.00785	10.32803571
-0.00755	10.32696429
-0.00721	10.32732143
-0.00686	10.32714286
-0.00656	10.325625
-0.00616	10.32580357
-0.00591	10.32473214
-0.00556	10.32625
-0.00528	10.31758929
-0.00518	10.31482143
-0.00476	10.31660714
-0.00449	10.31696429
-0.00432	10.31723214
-0.0039	10.31464286
-0.00348	10.31339286
-0.00339	10.31303571
-0.00295	10.33544643
-0.00253	10.33089286
-0.00226	10.32741071
-0.0018	10.32839286
-0.00176	10.324375
-0.00127	10.325625
-9.43E-4	10.32410714
-6.75E-4	10.32303571
-3.7E-4	10.31205357
-6.43E-5	10.31178571
1.27E-4	10.31660714
4.7E-4	10.31348214
9.1E-4	10.31044643
0.00101	10.30803571
0.00146	10.30830357
0.00185	10.30758929
0.00194	10.315
0.0024	10.31071429
0.00251	10.30794643
0.00297	10.30660714
0.00333	10.30410714
0.0036	10.30455357
0.00391	10.301875
0.00429	10.30107143
0.00433	10.29133929
0.00473	10.28758929
0.00511	10.29
0.00538	10.28642857
0.00572	10.28633929
0.00603	10.28508929
0.00622	10.280625
0.0067	10.27857143
0.00696	10.29205357
0.00734	10.28830357
0.00778	10.28821429
0.00794	10.28366071
0.00826	10.28178571
0.00862	10.276875
0.00889	10.27803571
0.00922	10.27321429
0.00952	10.263125
0.00962	10.26026786
0.0102659	10.25848214
0.0103995	10.25642857
0.0106478	10.25410714
0.0110297	10.25142857
0.0112015	10.24964286
0.0115834	10.24866071
0.0118889	10.25633929
0.012118	10.24866071
0.0125381	10.24419643
0.0128436	10.24383929
0.0129773	10.23964286
0.0136265	10.23901786
0.0138366	10.23473214
0.0139893	10.23035714
0.0145049	10.22
0.014734	10.216875
0.0148677	10.21482143
0.0154596	10.21116071
0.0156696	10.20964286
0.0158224	10.20517857
0.0162425	10.20357143
0.0164334	10.196875
0.0168726	10.19982143
0.0171017	10.19651786
0.0173118	10.19464286
0.0178082	10.19107143
0.0181519	10.18616071
0.0183429	10.18482143
0.0188011	10.17776786
0.0190494	10.17625
0.0192403	10.16553571
0.019584	10.16258929
0.0198513	10.15705357
0.0201568	10.15419643
0.020596	10.15232143
0.0208061	10.14821429
0.0210925	10.14705357
0.0214362	10.14107143
0.0218754	10.14339286
0.0221236	10.14116071
0.0223718	10.13571429
0.022601	10.13080357
0.0231547	10.12705357
0.0233265	10.12571429
0.0235557	10.12419643
0.0240712	10.11651786
0.0241094	10.10375
0.0244531	10.10026786
0.0248159	10.09526786
0.0251023	10.09303571
0.0255415	10.08982143
0.0256943	10.08214286
0.026038	10.07785714
0.0264199	10.07357143
0.0267636	10.081875
0.0271073	10.07705357
0.0274128	10.07151786
0.0276992	10.06857143
0.027871	10.06580357
0.0283866	10.05848214
0.0285394	10.05392857
0.0287685	10.04848214
0.0293413	10.03517857
0.0293986	10.033125
0.0298569	10.02669643
0.0299142	10.02241071
0.0304106	10.01625
0.0306207	10.01258929
0.0310407	10.010625
0.0314226	10.00428571
0.03169	10.00482143
0.0318045	9.998928571
0.0321482	9.992142857
0.0325301	9.991339286
0.0328165	9.982410714
0.0332748	9.979642857
0.0335421	9.974464286
0.0337904	9.969732143
0.034115	9.9525
0.034325	9.949642857
0.0347642	9.942589286
0.0349169	9.938482143
0.0351652	9.931696429
0.0356616	9.926160714
0.0357953	9.920267857
0.0362154	9.913660714
0.0365973	9.912767857
0.0367882	9.907857143
0.0372465	9.90125
0.0374947	9.892678571
0.0377429	9.887232143
0.0381821	9.8825
0.0383921	9.877946429
0.0387167	9.871607143
0.0390795	9.854375
0.0394042	9.851071429
0.0395569	9.845982143
0.0399961	9.838303571
0.0401679	9.831339286
0.0404353	9.827321429
0.0409317	9.819464286
0.0411608	9.812767857
0.0415236	9.812053571
0.0417719	9.805178571
0.0421538	9.797232143
0.0423638	9.792321429
0.0427457	9.786517857
0.0430703	9.779285714
0.0433567	9.772321429
0.0435477	9.764107143
0.0437386	9.750178571
0.044426	9.742321429
0.0443687	9.736607143
0.0448079	9.729821429
0.0451325	9.723660714
0.0454953	9.717678571
0.0457626	9.707767857
0.0459727	9.702321429
0.0464309	9.708571429
0.0466219	9.700446429
0.0468701	9.691428571
0.0473857	9.681160714
0.0477867	9.674732143
0.0478821	9.667232143
0.0482831	9.660446429
0.0485122	9.655
0.0488559	9.635982143
0.0491806	9.629821429
0.0494097	9.623214286
0.0498871	9.615178571
0.0501162	9.606696429
0.0504408	9.600892857
0.0507845	9.589375
0.0511473	9.583928571
0.051281	9.582142857
0.0515865	9.573392857
0.0518347	9.560982143
0.0522739	9.554553571
0.0525794	9.547142857
0.0529231	9.538660714
0.0531331	9.530535714
0.0535914	9.519732143
0.0536869	9.501785714
0.0539924	9.496071429
0.0543361	9.48875
0.0545843	9.480267857
0.0550999	9.470892857
0.0553672	9.462946429
0.055539	9.453303571
0.0559591	9.446339286
0.0562837	9.435892857
0.0565511	9.426071429
0.0569902	9.417946429
0.0570857	9.410714286
0.0575249	9.401160714
0.0577731	9.390446429
0.0580022	9.380357143
0.0583459	9.372946429
0.0587851	9.354910714
0.058957	9.345357143
0.0593961	9.336071429
0.0594725	9.325892857
0.0597971	9.316071429
0.0601981	9.307232143
0.0605609	9.297321429
0.060981	9.287410714
0.0613056	9.28625
0.0614202	9.276964286
0.0617257	9.265625
0.062203	9.255446429
0.0624704	9.245267857
0.0628522	9.235178571
0.0629668	9.224642857
0.0633296	9.216160714
0.0637306	9.194821429
0.0638452	9.184017857
0.0642271	9.176696429
0.0645326	9.167053571
0.0649145	9.155178571
0.0653536	9.146428571
0.0653154	9.133482143
0.0656401	9.12375
0.0661556	9.129107143
0.0663847	9.115892857
0.0667666	9.101339286
0.0671103	9.095
0.0673586	9.083303571
0.0675304	9.070446429
0.0679505	9.057678571
0.0682942	9.045535714
0.068466	9.028035714
0.0688479	9.017053571
0.0691344	9.005535714
0.0695735	8.99625
0.069669	8.983482143
0.0701273	8.97375
0.0705283	8.962053571
0.0705664	8.950178571
0.0711202	8.946517857
0.0712157	8.932767857
0.0715212	8.920651786
0.0720749	8.911821429
0.0721513	8.898464286
0.0725905	8.887366071
0.0727623	8.8761875
0.0732015	8.864071429
0.0735834	8.841785714
0.0738125	8.832464286
0.0739271	8.819794643
0.0744044	8.810830357
0.0749582	8.798205357
0.0749964	8.787633929
0.0752637	8.773419643
0.075722	8.763589286
0.0758174	8.759366071
0.0762757	8.747642857
0.0766576	8.734508929
0.0767913	8.722464286
0.0773068	8.709419643
0.0774978	8.6983125
0.0777842	8.688232143
0.0781661	8.674660714
0.0784716	8.652303571
0.0786816	8.642169643
0.0791017	8.630616071
0.0792736	8.620348214
0.0795982	8.606276786
0.0799801	8.5941875
0.0804001	8.582258929
0.0805338	8.5704375
0.0809921	8.568508929
0.0810494	8.552767857
0.0815458	8.539053571
0.0818322	8.529625
0.0821568	8.516339286
0.0826151	8.505651786
0.0827297	8.489303571
0.0831879	8.476392857
0.0833216	8.457991071
0.0835507	8.447723214
0.0839899	8.434419643
0.0842	8.421598214
0.0845437	8.411535714
0.0848492	8.400375
0.0852311	8.384651786
0.0853074	8.370714286
0.0858612	8.3749375
0.0863194	8.3608125
0.0864722	8.347714286
0.0867586	8.334473214
0.0871596	8.3223125
0.0873315	8.310803571
0.0877324	8.297767857
0.0879998	8.285053571
0.0881334	8.263375
0.0885344	8.2529375
0.088859	8.243026786
0.0890309	8.231142857
0.0896037	8.220321429
0.0897565	8.203758929
0.0901193	8.191794643
0.0904057	8.1796875
0.0906539	8.176330357
0.091074	8.163526786
0.0913986	8.150946429
0.0916086	8.137919643
0.0920096	8.123821429
0.0923724	8.115321429
0.0925252	8.102375
0.0929071	8.087151786
0.0931935	8.065473214
0.093308	8.058
0.0937472	8.043919643
0.0941291	8.032651786
0.0943392	8.019571429
0.094721	8.008714286
0.0951411	7.996642857
0.0952939	7.984428571
0.0957712	7.974910714
0.0958094	7.961571429
0.0961913	7.952589286
0.096535	7.939473214
0.0970124	7.926598214
0.0970888	7.915035714
0.0976425	7.900285714
0.0978716	7.889892857
0.0980053	7.869785714
0.0984445	7.861089286
0.0986545	7.848160714
0.0990746	7.835848214
0.0993037	7.824366071
0.0996283	7.815669643
0.0999148	7.801625
0.100392	7.789276786
0.100564	7.785035714
0.100812	7.773357143
0.101309	7.759928571
0.101519	7.746392857
0.101843	7.734044643
0.102206	7.7271875
0.102359	7.711464286
0.102894	7.702732143
0.103046	7.6793125
0.103237	7.670392857
0.103619	7.661982143
0.103925	7.651151786
0.104173	7.637705357
0.104612	7.626553571
0.104784	7.613660714
0.105051	7.604285714
0.105548	7.6071875
0.105719	7.592821429
0.106197	7.578348214
0.106464	7.569464286
0.106808	7.558026786
0.107056	7.546142857
0.107419	7.532544643
0.107572	7.520794643
0.107992	7.501133929
0.108259	7.493803571
0.108603	7.481446429
0.109023	7.469285714
0.109137	7.458428571
0.109519	7.448553571
0.109958	7.435919643
0.110016	7.426651786
0.110493	7.423116071
0.110722	7.411026786
0.111142	7.400580357
0.111352	7.390955357
0.111811	7.377142857
0.11204	7.367660714
0.112345	7.356133929
0.112689	7.345892857
0.112842	7.325696429
0.113166	7.314982143
0.113529	7.307955357
0.113701	7.296232143
0.11414	7.285357143
0.114465	7.274330357
0.114828	7.261294643
0.115076	7.251642857
0.115343	7.248017857
0.115687	7.235830357
0.116031	7.224767857
0.116202	7.213339286
0.116699	7.201178571
0.116966	7.193535714
0.117272	7.182714286
0.117596	7.173080357
0.117883	7.150991071
0.118246	7.144125
0.118417	7.133678571
0.118837	7.123794643
0.119028	7.113553571
0.119353	7.106821429
0.119716	7.093160714
0.119888	7.085973214
0.120212	7.082223214
0.120518	7.069535714
0.120842	7.059848214
0.121205	7.052348214
0.121415	7.043267857
0.121816	7.034133929
0.122141	7.021053571
0.122332	7.011241071
0.122714	6.995392857
0.123	6.987928571
0.123325	6.977526786
0.123668	6.967196429
0.123974	6.957973214
0.124203	6.950544643
0.124547	6.940196429
0.124948	6.929883929
0.12533	6.934035714
0.125616	6.924383929
0.125845	6.915089286
0.126132	6.905473214
0.126456	6.892705357
0.126723	6.881741071
0.126991	6.875008929
0.127487	6.865044643
0.127602	6.847401786
0.128003	6.839276786
0.128232	6.830178571
0.128557	6.822107143
0.128881	6.812196429
0.129206	6.802830357
0.129473	6.794098214
0.129855	6.786071429
0.130218	6.787017857
0.130409	6.773955357
0.130772	6.764178571
0.130943	6.754803571
0.131306	6.747392857
0.131841	6.7396875
0.131955	6.728410714
0.132299	6.718151786
0.1327	6.700580357
0.132853	6.6958125
0.133158	6.687669643
0.13354	6.678883929
0.133884	6.668901786
0.133999	6.662053571
0.134495	6.652232143
0.134686	6.644142857
0.135163	6.641098214
0.135412	6.6315
0.135583	6.623160714
0.135965	6.614991071
0.136271	6.607669643
0.136614	6.596982143
0.137015	6.589785714
0.137111	6.5795625
0.137416	6.566089286
0.137894	6.558133929
0.138027	6.549160714
0.138543	6.541821429
0.138753	6.536044643
0.139078	6.525901786
0.139307	6.518928571
0.13967	6.511464286
0.139937	6.513089286
0.140338	6.503321429
0.140663	6.495508929
0.140834	6.483964286
0.141331	6.4793125
0.141598	6.4709375
0.141808	6.466178571
0.142133	6.457607143
0.1424	6.438089286
0.142667	6.43325
0.143088	6.424785714
0.143336	6.417258929
0.14366	6.411276786
0.144042	6.404142857
0.144233	6.396651786
0.144539	6.387446429
0.145035	6.395223214
0.145207	6.38525
0.145589	6.375803571
0.145914	6.369
0.146219	6.362776786
0.146505	6.354705357
0.146811	6.347553571
0.14704	6.340785714
0.147288	6.325857143
0.147766	6.3210625
0.147861	6.313142857
0.148262	6.306446429
0.148568	6.298285714
0.148873	6.291723214
0.149236	6.285205357
0.14958	6.278401786
0.149675	6.278839286
0.15021	6.2716875
0.150573	6.264241071
0.150821	6.257375
0.151012	6.248955357
0.151413	6.243348214
0.151566	6.236205357
0.152119	6.231348214
0.152387	6.215151786
0.152539	6.208607143
0.152959	6.2015
0.153265	6.195892857
0.153628	6.1905
0.153761	6.185017857
0.154201	6.177366071
0.154411	6.172464286
0.15485	6.176214286
0.155117	6.169294643
0.155442	6.161589286
0.155843	6.15075
0.155995	6.146821429
0.156282	6.141285714
0.15674	6.135008929
0.156836	6.128348214
0.157122	6.112651786
0.157466	6.109571429
0.157829	6.105089286
0.158153	6.098089286
0.158382	6.092232143
0.158764	6.085705357
0.159108	6.078205357
0.159452	6.075446429
0.159719	6.077285714
0.160215	6.069339286
0.160254	6.063544643
0.160616	6.057026786
0.160979	6.052116071
0.161113	6.044410714
0.161647	6.038633929
0.161972	6.035517857
0.162106	6.019482143
0.162468	6.016348214
0.162717	6.009232143
0.162927	6.004026786
0.163328	6.000982143
0.163691	5.994910714
0.163901	5.989535714
0.16434	5.983848214
0.164664	5.990982143
0.164932	5.984964286
0.165218	5.978964286
0.165562	5.972892857
0.165963	5.966125
0.166268	5.961892857
0.16665	5.95625
0.166765	5.951455357
0.166975	5.935955357
0.167433	5.9328125
0.167758	5.930071429
0.167949	5.924410714
0.168426	5.917794643
0.16856	5.912383929
0.169018	5.906991071
0.169304	5.904803571
0.169533	5.908053571
0.169973	5.900517857
0.170202	5.893803571
0.170526	5.887526786
0.170756	5.883178571
0.171099	5.881714286
0.171386	5.871696429
0.171729	5.869401786
0.171844	5.856053571
0.172398	5.855464286
0.17276	5.849205357
0.17299	5.845946429
0.173181	5.839776786
0.173582	5.837589286
0.173792	5.830732143
0.174212	5.825669643
0.17467	5.825160714
0.174842	5.819928571
0.175147	5.816098214
0.175434	5.812982143
0.175606	5.80775
0.176064	5.803169643
0.176331	5.797428571
0.176598	5.794642857
0.176942	5.78275
0.177152	5.777580357
0.177496	5.7741875
0.177916	5.770589286
0.178336	5.767214286
0.17847	5.763232143
0.178756	5.757508929
0.179081	5.752392857
0.179405	5.759535714
0.179615	5.753089286
0.179978	5.748116071
0.180265	5.74625
0.180685	5.738303571
0.181047	5.736428571
0.181143	5.731339286
0.181544	5.726214286
0.181964	5.715133929
0.182117	5.712660714
0.182327	5.710125
0.182766	5.705071429
0.182995	5.700357143
0.183549	5.700258929
0.183702	5.694026786
0.184026	5.691223214
0.184294	5.705071429
0.184733	5.696901786
0.185019	5.690633929
0.185229	5.6868125
0.185707	5.685732143
0.185745	5.679348214
0.186356	5.676142857
0.186337	5.672267857
0.186757	5.662223214
0.186929	5.659285714
0.187501	5.654294643
0.187692	5.653651786
0.188132	5.649723214
0.188284	5.645678571
0.188628	5.644848214
0.189105	5.6395625
0.189182	5.641401786
0.189545	5.639526786
0.189946	5.634589286
0.190289	5.631491071
0.190404	5.628580357
0.190938	5.6246875
0.191282	5.623366071
0.191301	5.619714286
0.191817	5.606544643
0.19195	5.605357143
0.192371	5.600348214
0.192657	5.598803571
0.192924	5.5975625
0.193153	5.593928571
0.193688	5.591339286
0.193841	5.585303571
0.194185	5.585991071
0.194471	5.5855625
0.194872	5.581491071
0.195063	5.5765
0.195559	5.574008929
0.195712	5.574883929
0.19596	5.571125
0.196476	5.568196429
0.196514	5.556946429
0.196858	5.557366071
0.19724	5.553883929
0.19745	5.5491875
0.197965	5.54825
0.198156	5.545044643
0.1985	5.545294643
0.198672	5.539910714
0.19913	5.545883929
0.199397	5.54075
0.199779	5.536571429
0.200027	5.536026786
0.200333	5.533946429
0.200677	5.530571429
0.200963	5.526848214
0.20123	5.525107143
0.201574	5.515696429
0.201841	5.514758929
0.202071	5.513660714
0.202643	5.510375
0.202739	5.508428571
0.203006	5.505517857
0.203388	5.504776786
0.203789	5.502178571
0.20398	5.512830357
0.204343	5.508178571
0.204687	5.506008929
0.205049	5.504044643
0.205393	5.500892857
0.205565	5.496839286
0.20566	5.494991071
0.206176	5.492964286
0.206405	5.480330357
0.206768	5.482875
0.207207	5.482142857
0.207322	5.477892857
0.207742	5.478089286
0.208124	5.473598214
0.208334	5.470732143
0.208639	5.472571429
0.209212	5.477410714
0.209307	5.472732143
0.209556	5.469705357
0.20988	5.467767857
0.210109	5.466008929
0.210587	5.465803571
0.210873	5.462098214
0.211045	5.462258929
0.211541	5.447973214
0.211809	5.449348214
0.212038	5.447678571
0.212324	5.445455357
0.212725	5.444741071
0.212935	5.445214286
0.213451	5.441678571
0.213585	5.441607143
0.213852	5.442964286
0.214234	5.439223214
0.214501	5.438258929
0.214902	5.438508929
0.215036	5.4359375
0.215551	5.434303571
0.215704	5.431848214
0.21601	5.433580357
0.216334	5.422544643
0.216678	5.4216875
0.217022	5.419464286
0.217232	5.419232143
0.217594	5.419303571
0.217957	5.419964286
0.218186	5.417026786
0.21853	5.416366071
0.218836	5.421883929
0.219027	5.421482143
0.219428	5.417964286
0.219714	5.414419643
0.220058	5.413928571
0.220325	5.415517857
0.220783	5.410901786
0.220879	5.410571429
0.221203	5.400973214
0.221681	5.402098214
0.221757	5.400901786
0.222063	5.399964286
0.222616	5.399303571
0.222807	5.399053571
0.223151	5.397035714
0.223418	5.398642857
0.223743	5.411946429
0.224067	5.4075625
0.224468	5.404883929
0.224583	5.403571429
0.225041	5.404205357
0.225347	5.400517857
0.225538	5.398553571
0.226072	5.399232143
0.226168	5.388375
0.226454	5.389821429
0.226893	5.388044643
0.227084	5.387241071
0.227428	5.388080357
0.227772	5.389241071
0.22802	5.3873125
0.228306	5.386482143
0.228707	5.3939375
0.228822	5.389696429
0.22928	5.389794643
0.2297	5.388705357
0.229815	5.385607143
0.23033	5.3854375
0.230541	5.386535714
0.230808	5.386008929
0.23098	5.377401786
0.231629	5.375991071
0.231629	5.375919643
0.231992	5.377830357
0.23245	5.377053571
0.232717	5.3785625
0.232966	5.376526786
0.233252	5.376375
0.233538	5.382928571
0.233901	5.380669643
0.234417	5.380080357
0.234436	5.380875
0.234913	5.378857143
0.2352	5.379107143
0.235295	5.380892857
0.235696	5.377133929
0.236078	5.369723214
0.236288	5.370535714
0.236613	5.371098214
0.236937	5.369901786
0.237262	5.371080357
0.237625	5.370196429
0.237777	5.37175
0.238178	5.372267857
0.238637	5.3785625
0.238694	5.376044643
0.239152	5.373392857
0.23963	5.379517857
0.239725	5.375776786
0.240069	5.374508929
0.240527	5.376339286
0.24068	5.376714286
0.240813	5.367375
0.241291	5.368580357
0.241539	5.369446429
0.242055	5.368598214
0.24236	5.369946429
0.242436	5.372580357
0.242837	5.3719375
0.243105	5.369669643
0.243525	5.386232143
0.243658	5.384598214
0.24404	5.3815
0.24427	5.382839286
0.24467	5.380669643
0.245167	5.380214286
0.245167	5.382044643
0.245835	5.382044643
0.245931	5.374125
0.246274	5.376669643
0.246408	5.378366071
0.246847	5.379535714
0.247	5.377991071
0.24763	5.380160714
0.247745	5.377830357
0.248031	5.381017857
0.248413	5.389714286
0.248661	5.387107143
0.248948	5.386410714
0.249387	5.38575
0.249616	5.387214286
0.249864	5.387178571
0.250361	5.38825
0.250399	5.386169643
0.250914	5.379517857
0.25122	5.383214286
0.251468	5.383625
0.251735	5.384892857
0.252117	5.385
0.252251	5.387214286
0.252709	5.385973214
0.253053	5.386982143
0.253339	5.391919643
0.253664	5.392964286
0.253989	5.391446429
0.254275	5.394008929
0.254523	5.396098214
0.254943	5.395955357
0.255039	5.394901786
0.255306	5.397732143
0.255803	5.390303571
0.255955	5.393
0.256452	5.394080357
0.256566	5.393857143
0.256929	5.397
0.257235	5.398098214
0.257636	5.399053571
0.257846	5.399580357
0.258151	5.408178571
0.25859	5.409339286
0.258877	5.408482143
0.25924	5.409892857
0.259373	5.412419643
0.259774	5.412875
0.260099	5.413098214
0.260404	5.414991071
0.260653	5.407839286
0.261054	5.411232143
0.261283	5.414696429
0.261531	5.414125
0.262008	5.416017857
0.262314	5.415464286
0.262486	5.4170625
0.263001	5.419607143
0.263154	5.435223214
0.263326	5.433776786
0.263841	5.434821429
0.263994	5.434866071
0.264491	5.438910714
0.264911	5.437169643
0.264911	5.437607143
0.265312	5.438598214
0.265732	5.432330357
0.265865	5.437035714
0.266209	5.437241071
0.266667	5.439848214
0.26682	5.439535714
0.267202	5.444214286
0.267546	5.445017857
0.267737	5.446116071
0.268214	5.453892857
0.26831	5.452883929
0.2685	5.455678571
0.269035	5.459053571
0.269226	5.457508929
0.269589	5.459616071
0.269952	5.461875
0.270314	5.465214286
0.270544	5.455821429
0.270906	5.462258929
0.271155	5.463053571
0.27146	5.465419643
0.271785	5.468133929
0.272109	5.471321429
0.272358	5.469473214
0.272663	5.473232143
0.273102	5.479866071
0.273351	5.481205357
0.273618	5.481267857
0.273809	5.483794643
0.274401	5.485285714
0.274553	5.489232143
0.274802	5.489133929
0.275203	5.492598214
0.275355	5.484491071
0.275661	5.490044643
0.276024	5.49425
0.276348	5.495017857
0.276577	5.499
0.277074	5.500651786
0.277437	5.502607143
0.277551	5.504669643
0.278029	5.513142857
0.278277	5.513276786
0.278544	5.514705357
0.278869	5.521107143
0.279193	5.521383929
0.279518	5.523401786
0.279824	5.524151786
0.280034	5.527026786
0.280282	5.520339286
0.280759	5.525089286
0.280836	5.5285
0.281275	5.530660714
0.281695	5.534964286
0.281848	5.537375
0.282344	5.540035714
0.282611	5.540258929
0.282745	5.5591875
0.283146	5.557598214
0.283471	5.562758929
0.283642	5.561
0.284139	5.563571429
0.284311	5.566160714
0.284712	5.568
0.285036	5.569017857
0.285266	5.565517857
0.285552	5.5694375
0.285915	5.5705625
0.28622	5.575678571
0.286392	5.578098214
0.287003	5.582660714
0.287137	5.581321429
0.287404	5.586446429
0.287824	5.598767857
0.288034	5.598589286
0.288244	5.598625
0.288645	5.602607143
0.289046	5.606839286
0.289294	5.611321429
0.289715	5.611339286
0.289944	5.613464286
0.29044	5.606857143
0.290593	5.6143125
0.290898	5.617116071
0.291089	5.619258929
0.291433	5.622633929
0.291834	5.627883929
0.292178	5.630633929
0.292388	5.633491071
0.292712	5.640392857
0.292884	5.640026786
0.293132	5.643723214
0.293591	5.648732143
0.293934	5.650330357
0.294259	5.652419643
0.294603	5.655428571
0.29487	5.660044643
0.295042	5.65475
0.295634	5.659875
0.295806	5.661169643
0.296035	5.6658125
0.296436	5.669241071
0.296684	5.677714286
0.296837	5.679660714
0.297314	5.680214286
0.29762	5.693616071
0.297925	5.694982143
0.298326	5.6974375
0.298498	5.700375
0.298823	5.702223214
0.299243	5.707125
0.299395	5.710642857
0.299835	5.713910714
0.300064	5.707616071
0.300407	5.712732143
0.300675	5.719142857
0.301019	5.722035714
0.301324	5.724660714
0.301687	5.727339286
0.30184	5.732035714
0.302221	5.736544643
0.302756	5.757544643
0.302947	5.754848214
0.30331	5.756571429
0.303558	5.759857143
0.30394	5.765178571
0.304245	5.766642857
0.304379	5.773508929
0.304666	5.773785714
0.305009	5.769205357
0.305257	5.7756875
0.305601	5.7803125
0.30604	5.783535714
0.306174	5.78825
0.306537	5.790151786
0.307014	5.797169643
0.307167	5.7993125
0.307606	5.811732143
0.307702	5.812357143
0.308179	5.816857143
0.308446	5.822830357
0.30858	5.824098214
0.308981	5.8274375
0.309496	5.833875
0.30963	5.834294643
0.309917	5.831892857
0.310356	5.836678571
0.310585	5.842142857
0.310871	5.844017857
0.311158	5.851482143
0.311425	5.854071429
0.311807	5.855589286
0.312093	5.863276786
0.312456	5.876919643
0.312838	5.879383929
0.313048	5.885125
0.31343	5.887383929
0.313716	5.892678571
0.313965	5.895526786
0.314232	5.899392857
0.31469	5.902714286
0.314786	5.895598214
0.315187	5.90625
0.315569	5.910089286
0.315855	5.9151875
0.316218	5.918785714
0.316275	5.922178571
0.316542	5.927508929
0.317077	5.934651786
0.317306	5.945214286
0.317573	5.947598214
0.317936	5.950428571
0.318299	5.953875
0.318471	5.959892857
0.318967	5.964875
0.319063	5.9685625
0.319597	5.976848214
0.319788	5.969651786
0.320094	5.9764375
0.320457	5.981258929
0.320667	5.987125
0.320953	5.992544643
0.321392	5.995258929
0.321698	6.001544643
0.321927	6.006348214
0.322309	6.024991071
0.322443	6.025946429
0.322958	6.031223214
0.323283	6.034455357
0.323474	6.037375
0.323989	6.041758929
0.324161	6.045651786
0.324524	6.053053571
0.324887	6.046982143
0.324868	6.053571429
0.325364	6.060669643
0.325803	6.066830357
0.325975	6.069982143
0.3263	6.073142857
0.326567	6.078973214
0.326949	6.086696429
0.327293	6.098821429
0.327522	6.100946429
0.327846	6.106303571
0.328343	6.107607143
0.328381	6.116
0.328839	6.123803571
0.329107	6.123857143
0.329298	6.128776786
0.329699	6.126794643
0.329909	6.13525
0.33031	6.138258929
0.330596	6.145026786
0.330806	6.149616071
0.331092	6.156669643
0.331474	6.161223214
0.331761	6.165973214
0.332295	6.174464286
0.332314	6.178080357
0.332696	6.184026786
0.333136	6.189125
0.333384	6.194
0.333613	6.199669643
0.333995	6.204419643
0.33409	6.210392857
0.334644	6.207758929
0.334892	6.216803571
0.33516	6.221017857
0.33558	6.2279375
0.335732	6.232
0.336133	6.239714286
0.336477	6.241642857
0.336649	6.249285714
0.337069	6.263598214
0.337394	6.268125
0.337623	6.272267857
0.338081	6.277571429
0.338272	6.281973214
0.338463	6.287758929
0.338902	6.293901786
0.339227	6.3005
0.339609	6.296866071
0.339761	6.302446429
0.34001	6.307553571
0.340449	6.316678571
0.340773	6.321928571
0.340907	6.327553571
0.341423	6.334348214
0.341575	6.338669643
0.341957	6.361714286
0.342396	6.363696429
0.342664	6.367366071
0.342797	6.373758929
0.343237	6.380142857
0.34358	6.383482143
0.343924	6.389392857
0.34421	6.393669643
0.344344	6.390723214
0.344821	6.398071429
0.34507	6.4073125
0.345356	6.410526786
0.345642	6.417571429
0.346043	6.425732143
0.346349	6.432348214
0.34654	6.435946429
0.346712	6.451410714
0.347304	6.4535
0.347552	6.460758929
0.347972	6.466508929
0.348297	6.472910714
0.348545	6.480080357
0.348755	6.4881875
0.349099	6.493232143
0.349328	6.488276786
0.34971	6.4950625
0.349977	6.503116071
0.350282	6.51125
0.350664	6.516107143
0.350893	6.519919643
0.351142	6.529107143
0.3516	6.533276786
0.351791	6.544669643
0.352211	6.5528125
0.352631	6.5555625
0.35265	6.563232143
0.352937	6.571133929
0.353471	6.575205357
0.353567	6.582089286
0.354025	6.588526786
0.354311	6.585116071
0.354655	6.595919643
0.354941	6.600116071
0.355228	6.6095625
0.355553	6.614830357
0.355934	6.619741071
0.356164	6.62925
0.356316	6.638303571
0.356794	6.6494375
0.356985	6.654482143
0.357443	6.660044643
0.357748	6.6680625
0.358073	6.6763125
0.35834	6.681339286
0.358589	6.686223214
0.358951	6.6954375
0.359238	6.6925625
0.359448	6.701741071
0.359944	6.705169643
0.360135	6.714651786
0.360422	6.721517857
0.36067	6.7314375
0.361052	6.735178571
0.361395	6.742625
0.361682	6.762982143
0.361968	6.768410714
0.362236	6.775
0.362847	6.780633929
0.362999	6.786464286
0.363343	6.793339286
0.36361	6.799705357
0.363878	6.806625
0.364241	6.803741071
0.364336	6.813776786
0.364661	6.822008929
0.365214	6.829419643
0.365291	6.836375
0.365654	6.843330357
0.36594	6.847616071
0.366265	6.856357143
0.366513	6.871883929
0.367028	6.878107143
0.367219	6.883517857
0.367429	6.889294643
0.367792	6.898660714
0.368327	6.904517857
0.368499	6.911142857
0.368575	6.918401786
0.369167	6.915857143
0.369606	6.9276875
0.369663	6.933133929
0.370045	6.940616071
0.370293	6.949366071
0.370465	6.957419643
0.370962	6.965785714
0.371344	6.971857143
0.371592	6.981339286
0.371878	6.989446429
0.372146	6.996053571
0.372394	7.004875
0.372814	7.012758929
0.37289	7.018375
0.37352	7.0246875
0.373616	7.032866071
0.373883	7.031616071
0.374227	7.042
0.374609	7.050107143
0.374895	7.056839286
0.375201	7.065330357
0.375354	7.074303571
0.375774	7.081919643
0.376117	7.087928571
0.376499	7.105303571
0.376805	7.112089286
0.377129	7.119535714
0.377454	7.125205357
0.377759	7.133678571
0.377893	7.142642857
0.378256	7.148410714
0.378657	7.157982143
0.378886	7.154035714
0.379211	7.1655
0.379402	7.174794643
0.379879	7.183392857
0.38028	7.189794643
0.380375	7.200776786
0.3807	7.203660714
0.381139	7.214517857
0.381254	7.240267857
0.381827	7.243151786
0.382037	7.248875
0.382189	7.258535714
0.382629	7.264901786
0.382858	7.274553571
0.383144	7.279321429
0.38366	7.2876875
0.383927	7.287955357
0.384175	7.298366071
0.384576	7.309151786
0.38471	7.314116071
0.38513	7.323214286
0.385435	7.331642857
0.385493	7.337357143
0.386142	7.3475625
0.386218	7.364732143
0.3866	7.369053571
0.386982	7.377017857
0.387307	7.386919643
0.387421	7.396464286
0.387956	7.402866071
0.388242	7.411741071
0.388567	7.421008929
0.388892	7.418857143
0.389006	7.426767857
0.389636	7.437866071
0.389751	7.445330357
0.389999	7.453767857
0.390457	7.462553571
0.390476	7.468258929
0.390973	7.477794643
0.391374	7.499848214
0.391546	7.504866071
0.391889	7.514830357
0.392214	7.520205357
0.392348	7.530625
0.392806	7.539625
0.392978	7.546669643
0.393474	7.554723214
0.393761	7.554982143
0.394047	7.567116071
0.394353	7.576517857
0.394754	7.581982143
0.394773	7.593794643
0.39525	7.602089286
0.39546	7.612285714
0.395804	7.619767857
0.396281	7.637375
0.396472	7.6445
0.396816	7.651535714
0.397179	7.663044643
0.397408	7.670598214
0.397541	7.680267857
0.398019	7.6879375
0.398382	7.699
0.398668	7.6995625
0.398973	7.707508929
0.399222	7.7163125
0.39947	7.725794643
0.399203	7.529232143
0.398993	7.392866071
0.398592	7.262169643
0.398324	7.155589286
0.398038	7.041910714
0.397599	6.937723214
0.397484	6.838741071
0.39716	6.741928571
0.396701	6.645241071
0.396415	6.554410714
0.395957	6.468214286
0.395842	6.376133929
0.39567	6.2963125
0.395307	6.218892857
0.395002	6.140678571
0.39462	6.068017857
0.394276	5.994044643
0.393971	5.92175
0.393818	5.8555
0.393379	5.794982143
0.393322	5.725866071
0.392825	5.661116071
0.392443	5.594080357
0.392157	5.532991071
0.39187	5.469803571
0.39145	5.409982143
0.391278	5.350383929
0.390935	5.282241071
0.390629	5.230169643
0.390496	5.172294643
0.389827	5.119080357
0.389579	5.063830357
0.389445	5.011607143
0.389063	4.9573125
0.388815	4.907508929
0.38851	4.8635625
0.388147	4.811526786
0.387918	4.763741071
0.387708	4.712633929
0.387288	4.667178571
0.386963	4.616410714
0.386677	4.572017857
0.386276	4.52475
0.386027	4.471276786
0.385779	4.429017857
0.385206	4.3861875
0.385034	4.342785714
0.384844	4.300928571
0.384404	4.258660714
0.384271	4.216330357
0.383908	4.173785714
0.383526	4.143357143
0.383259	4.100455357
0.382934	4.059107143
0.382609	4.018205357
0.382323	3.980544643
0.381903	3.941125
0.38007	3.705660714
0.379726	3.672151786
0.379459	3.635169643
0.379115	3.601705357
0.378752	3.565955357
0.378714	3.541910714
0.378237	3.504241071
0.378008	3.472821429
0.377779	3.439267857
0.377358	3.405642857
0.377225	3.371660714
0.376862	3.340633929
0.376385	3.308973214
0.376136	3.268071429
0.37585	3.240008929
0.375525	3.210285714
0.375315	3.1793125
0.374933	3.1483125
0.374609	3.119946429
0.37438	3.090723214
0.373998	3.061178571
0.373692	3.040642857
0.373501	3.009053571
0.37312	2.981571429
0.372661	2.952767857
0.372451	2.924258929
0.372146	2.895580357
0.371897	2.867616071
0.371611	2.841455357
0.371344	2.809491071
0.370924	2.784651786
0.370618	2.758330357
0.370255	2.730732143
0.369893	2.7051875
0.36974	2.6809375
0.369396	2.653928571
0.369033	2.626276786
0.368766	2.612830357
0.36846	2.584616071
0.368193	2.559410714
0.368098	2.533482143
0.367506	2.509964286
0.367238	2.485482143
0.367028	2.461160714
0.366589	2.438276786
0.366265	2.404910714
0.365978	2.383285714
0.365749	2.361196429
0.36531	2.339205357
0.365138	2.315116071
0.36468	2.290973214
0.364355	2.268580357
0.364164	2.246383929
0.363801	2.234669643
0.363477	2.209008929
0.363419	2.187107143
0.36277	2.166473214
0.362598	2.144714286
0.362446	2.121964286
0.362026	2.0998125
0.361625	2.078625
0.361357	2.042732143
0.360956	2.025910714
0.360823	2.008026786
0.360536	1.987553571
0.360097	1.967455357
0.359753	1.946982143
0.359581	1.928767857
0.359142	1.908455357
0.358875	1.898232143
0.358703	1.875232143
0.358264	1.855758929
0.35813	1.837526786
0.357748	1.817160714
0.357271	1.796839286
0.35708	1.779794643
0.35687	1.759982143
0.356469	1.7335625
0.35603	1.717571429
0.355858	1.699375
0.355495	1.681285714
0.355228	1.662919643
0.354903	1.646571429
0.354521	1.627330357
0.35435	1.608848214
0.353987	1.601571429
0.353662	1.5808125
0.353299	1.564580357
0.35307	1.546651786
0.352631	1.528464286
0.35244	1.510169643
0.352154	1.495044643
0.351676	1.476758929
0.351524	1.455883929
0.351275	1.441178571
0.350855	1.425366071
0.350645	1.409089286
0.350435	1.391401786
0.349881	1.374892857
0.349652	1.360928571
0.349442	1.344419643
0.349079	1.338196429
0.348698	1.319
0.348468	1.303482143
0.348258	1.287017857
0.347972	1.27175
0.347609	1.253044643
0.347323	1.239964286
0.346922	1.225196429
0.346578	1.201044643
0.346196	1.189401786
0.345967	1.172410714
0.345833	1.159026786
0.345356	1.144839286
0.345051	1.130223214
0.344802	1.117107143
0.344439	1.1001875
0.344229	1.094375
0.343848	1.079151786
0.343447	1.064428571
0.343256	1.0496875
0.343007	1.034473214
0.342511	1.020375
0.342454	1.006973214
0.342053	0.993392857
0.341633	0.9626875
0.341442	0.953473214
0.340983	0.939169643
0.340582	0.9285
0.340353	0.916669643
0.34022	0.901991071
0.339742	0.8889
0.339418	0.876852679
0.339227	0.872533036
0.33894	0.8584
0.338501	0.8420125
0.338406	0.830283929
0.338005	0.8166125
0.33768	0.804269643
0.337375	0.791707143
0.337184	0.77814375
0.336668	0.757622321
0.336477	0.746517857
0.336114	0.735026786
0.335713	0.721444643
0.335484	0.710071429
0.33516	0.697935714
0.334854	0.687175
0.334663	0.676649107
0.334186	0.671397321
0.333937	0.656751786
0.333842	0.645910714
0.333384	0.633540179
0.333059	0.621760714
0.332964	0.608280357
0.332295	0.595825893
0.332085	0.586123214
0.332028	0.569595536
0.331512	0.5602625
0.331169	0.547871429
0.330978	0.534997321
0.330481	0.525160714
0.330443	0.514727679
0.330004	0.502463393
0.329641	0.491090179
0.329431	0.488154464
0.329049	0.475336607
0.328725	0.464694643
0.3284	0.453204464
0.328152	0.441514286
0.327865	0.429877679
0.327541	0.419635714
0.327197	0.409280357
0.326739	0.388884821
0.326624	0.379173214
0.326357	0.372547321
0.325975	0.359590179
0.325746	0.350483929
0.323569	0.287475
0.323225	0.276605357
0.322786	0.266076786
0.322557	0.253170536
0.322252	0.243188393
0.32187	0.221447321
0.321641	0.211866071
0.321201	0.205561607
0.320934	0.194052679
0.32082	0.183590179
0.320457	0.175469643
0.320094	0.1662
0.319769	0.157986607
0.31954	0.156600893
0.319216	0.143615179
0.318986	0.134870536
0.318471	0.123283929
0.318184	0.114617857
0.317879	0.103947321
0.31765	0.096357143
0.317134	0.086675446
0.317077	0.072010982
0.316638	0.061137768
0.316218	0.053409911
0.316218	0.044741429
0.315721	0.036081339
0.315397	0.027761607
0.315282	0.017800179
0.314938	0.008353205
0.314442	0.009908839
0.314327	-8.8003E-4
0.31385	-0.010529196
0.31364	-0.020137321
0.313392	-0.030850446
0.312934	-0.0380475
0.312628	-0.046427232
0.312456	-0.055784554
0.312132	-0.074943929
0.311807	-0.083062054
0.311482	-0.090666964
0.311062	-0.097953571
0.310738	-0.106398214
0.310623	-0.115444643
0.310318	-0.121454464
0.309783	-0.130128571
0.309707	-0.130509821
0.30942	-0.141677679
0.308924	-0.150585714
0.30879	-0.159814286
0.308332	-0.167085714
0.308064	-0.175725893
0.307797	-0.1838125
0.307453	-0.192454464
0.307148	-0.206386607
0.306976	-0.214319643
0.306651	-0.221878571
0.306174	-0.230492857
0.305983	-0.237678571
0.305639	-0.244258929
0.305277	-0.251758036
0.305028	-0.26106875
0.304761	-0.261422321
0.304322	-0.26984375
0.304245	-0.277997321
0.303692	-0.28529375
0.303348	-0.295075893
0.303157	-0.303076786
0.302775	-0.30938125
0.30247	-0.318182143
0.302202	-0.34105
0.301801	-0.345480357
0.301553	-0.352530357
0.301362	-0.358617857
0.300999	-0.365224107
0.300618	-0.374330357
0.300369	-0.380541964
0.300083	-0.387744643
0.299701	-0.386624107
0.299415	-0.393525
0.2993	-0.403113393
0.298842	-0.4113125
0.298536	-0.419023214
0.298059	-0.425455357
0.297849	-0.4322125
0.297486	-0.441645536
0.297295	-0.455858929
0.296913	-0.4612875
0.296608	-0.467288393
0.296398	-0.47405
0.296054	-0.48174375
0.295806	-0.488544643
0.295328	-0.493759821
0.295099	-0.501248214
0.294927	-0.501421429
0.294507	-0.510522321
0.294202	-0.516824107
0.293839	-0.5235375
0.293629	-0.530644643
0.293323	-0.539350893
0.292961	-0.546941964
0.292693	-0.551880357
0.29235	-0.563101786
0.29212	-0.568658036
0.291796	-0.576529464
0.29149	-0.584061607
0.291166	-0.590308036
0.290879	-0.596830357
0.29044	-0.604535714
0.290287	-0.610769643
0.289905	-0.610213393
0.289638	-0.617278571
0.28918	-0.623894643
0.288989	-0.632108036
0.288703	-0.639004464
0.288492	-0.64550625
0.287977	-0.651548214
0.28792	-0.658094643
0.28748	-0.673213393
0.287251	-0.679249107
0.286736	-0.684563393
0.286698	-0.68991875
0.286182	-0.696242857
0.285896	-0.70359375
0.285552	-0.710439286
0.285189	-0.7158375
0.284941	-0.714495536
0.284788	-0.722442857
0.284406	-0.730149107
0.284139	-0.736752679
0.283738	-0.742711607
0.283394	-0.74906875
0.283146	-0.755772321
0.28284	-0.76268125
0.282478	-0.782765179
0.282134	-0.787495536
0.281848	-0.790977679
0.28158	-0.798527679
0.28116	-0.80385
0.281007	-0.809444643
0.280492	-0.814199107
0.280358	-0.820758036
0.279976	-0.81999375
0.279785	-0.82635
0.279308	-0.832100893
0.279098	-0.839498214
0.278926	-0.845159821
0.278449	-0.853141964
0.278334	-0.858261607
0.277761	-0.862886607
0.277475	-0.876798214
0.277246	-0.882504464
0.277055	-0.886739286
0.274859	-0.917258929
0.274592	-0.924866071
0.274286	-0.932785714
0.273904	-0.9389375
0.273675	-0.943821429
0.273389	-0.949089286
0.273121	-0.957553571
0.272778	-0.966982143
0.272281	-0.9711875
0.272128	-0.975705357
0.271918	-0.982803571
0.271403	-0.990214286
0.271155	-0.995607143
0.271174	-1.0010625
0.270486	-1.005544643
0.270314	-1.002080357
0.270047	-1.011625
0.269627	-1.017196429
0.269455	-1.022455357
0.268997	-1.029517857
0.26873	-1.0355
0.268329	-1.042330357
0.268119	-1.046830357
0.267679	-1.059973214
0.267584	-1.063446429
0.267221	-1.068714286
0.266686	-1.075285714
0.266591	-1.080616071
0.266171	-1.083785714
0.265865	-1.089321429
0.265655	-1.095133929
0.265254	-1.093526786
0.265102	-1.100928571
0.264796	-1.105714286
0.264357	-1.111071429
0.264032	-1.119705357
0.263784	-1.122035714
0.263536	-1.127928571
0.26323	-1.133767857
0.262925	-1.154357143
0.262505	-1.157669643
0.262123	-1.160580357
0.262008	-1.165839286
0.261531	-1.169955357
0.261206	-1.176151786
0.260977	-1.179946429
0.260595	-1.185419643
0.260156	-1.182535714
0.260061	-1.188723214
0.259889	-1.195035714
0.259469	-1.200625
0.25924	-1.205589286
0.258839	-1.210285714
0.25859	-1.215839286
0.258285	-1.222910714
0.257788	-1.233892857
0.257483	-1.237553571
0.257311	-1.2418125
0.257063	-1.247660714
0.256605	-1.255741071
0.256452	-1.257098214
0.25607	-1.262571429
0.255745	-1.267464286
0.255535	-1.264160714
0.25502	-1.2725625
0.254772	-1.276294643
0.254581	-1.281571429
0.25418	-1.287142857
0.253931	-1.293044643
0.25376	-1.2990625
0.253206	-1.303955357
0.252996	-1.311732143
0.252595	-1.314839286
0.252308	-1.321133929
0.251984	-1.326419643
0.251697	-1.33025
0.251449	-1.336401786
0.25101	-1.340973214
0.2508	-1.346526786
0.250475	-1.342901786
0.250227	-1.350232143
0.249845	-1.354758929
0.249578	-1.360526786
0.249368	-1.366651786
0.249043	-1.371366071
0.248566	-1.3749375
0.248508	-1.380339286
0.248069	-1.394607143
0.247649	-1.396285714
0.247573	-1.401026786
0.247172	-1.404991071
0.246771	-1.408875
0.246484	-1.415401786
0.246236	-1.418678571
0.24595	-1.42375
0.245721	-1.420705357
0.245243	-1.428625
0.244957	-1.434098214
0.244823	-1.438151786
0.244308	-1.442794643
0.244021	-1.447133929
0.243849	-1.451455357
0.243544	-1.457910714
0.243124	-1.476866071
0.24299	-1.478758929
0.242379	-1.481276786
0.242226	-1.488223214
0.241921	-1.491321429
0.241615	-1.495410714
0.241272	-1.497883929
0.241043	-1.503794643
0.240756	-1.500919643
0.24026	-1.507294643
0.240183	-1.510642857
0.239515	-1.515642857
0.239362	-1.521901786
0.239171	-1.526348214
0.238885	-1.529455357
0.238503	-1.534491071
0.238293	-1.545169643
0.237911	-1.549776786
0.237415	-1.554535714
0.237395	-1.558982143
0.236823	-1.561107143
0.236651	-1.565892857
0.236403	-1.572589286
0.236059	-1.57775
0.235696	-1.572267857
0.235639	-1.5779375
0.235028	-1.584857143
0.234837	-1.591107143
0.234741	-1.593419643
0.234168	-1.5979375
0.233978	-1.601321429
0.233672	-1.607276786
0.233252	-1.621267857
0.23287	-1.621803571
0.232698	-1.626017857
0.232335	-1.630116071
0.232049	-1.634410714
0.231705	-1.640839286
0.231266	-1.643794643
0.231323	-1.647857143
0.23077	-1.643053571
0.230502	-1.650883929
0.230235	-1.655839286
0.229796	-1.661142857
0.229662	-1.664008929
0.229395	-1.670214286
0.22907	-1.673875
0.228707	-1.678553571
0.228517	-1.690035714
0.227925	-1.692839286
0.227715	-1.697035714
0.227543	-1.701821429
0.227008	-1.705910714
0.226741	-1.709732143
0.226588	-1.713392857
0.226168	-1.7179375
0.225939	-1.714991071
0.225633	-1.719803571
0.22527	-1.725107143
0.225118	-1.731151786
0.224755	-1.734955357
0.224316	-1.739285714
0.224067	-1.744669643
0.223666	-1.746991071
0.223342	-1.769357143
0.223094	-1.769982143
0.222654	-1.771098214
0.222444	-1.775375
0.222311	-1.778053571
0.22191	-1.783330357
0.221509	-1.788491071
0.221241	-1.791598214
0.220802	-1.785741071
0.22065	-1.792642857
0.22044	-1.797741071
0.220019	-1.803678571
0.219714	-1.806580357
0.219466	-1.8095
0.219141	-1.814125
0.218836	-1.818517857
0.218568	-1.831044643
0.218225	-1.833723214
0.217938	-1.837223214
0.217537	-1.843214286
0.21727	-1.847669643
0.216926	-1.849973214
0.216563	-1.8536875
0.216315	-1.856625
0.216048	-1.8545
0.215857	-1.860866071
0.215418	-1.864776786
0.21515	-1.868758929
0.214788	-1.871910714
0.214463	-1.877651786
0.214177	-1.882321429
0.213814	-1.886633929
0.21347	-1.893330357
0.213298	-1.897491071
0.212993	-1.902366071
0.212592	-1.907464286
0.212363	-1.910589286
0.212114	-1.913982143
0.211713	-1.918866071
0.211465	-1.925026786
0.211026	-1.918660714
0.21072	-1.924857143
0.210663	-1.929178571
0.210128	-1.934928571
0.209938	-1.939803571
0.209498	-1.943508929
0.209288	-1.948767857
0.208906	-1.950580357
0.208639	-1.963946429
0.208334	-1.967508929
0.208085	-1.971383929
0.207818	-1.973857143
0.207417	-1.978883929
0.207131	-1.983928571
0.206978	-1.988321429
0.206329	-1.992955357
0.206214	-1.985357143
0.20587	-1.993901786
0.205756	-1.999205357
0.205317	-2.001071429
0.205164	-2.006098214
0.20461	-2.009098214
0.204381	-2.015928571
0.20419	-2.019955357
0.20356	-2.037544643
0.203503	-2.037785714
0.203083	-2.040419643
0.202815	-2.045267857
0.202567	-2.0495
0.202128	-2.053410714
0.201727	-2.057080357
0.201612	-2.061178571
0.201307	-2.056785714
0.200944	-2.064571429
0.200696	-2.067607143
0.200295	-2.070785714
0.200008	-2.078848214
0.199779	-2.081464286
0.199359	-2.084633929
0.199054	-2.089705357
0.198824	-2.0996875
0.1985	-2.104044643
0.198175	-2.107714286
0.197984	-2.1098125
0.197507	-2.114285714
0.197221	-2.117651786
0.196953	-2.121928571
0.196571	-2.128071429
0.196342	-2.122133929
0.196151	-2.128642857
0.195846	-2.133973214
0.195368	-2.1395
0.195235	-2.142151786
0.194796	-2.145535714
0.194528	-2.150098214
0.194204	-2.1548125
0.193917	-2.16225
0.19344	-2.166142857
0.193421	-2.170169643
0.192924	-2.173410714
0.192542	-2.1793125
0.192371	-2.184071429
0.191931	-2.186883929
0.191874	-2.191071429
0.191473	-2.1858125
0.191015	-2.192392857
0.190786	-2.197625
0.190423	-2.201116071
0.190117	-2.205571429
0.189907	-2.211553571
0.189774	-2.215964286
0.189239	-2.219098214
0.188914	-2.230473214
0.188762	-2.232392857
0.188322	-2.237410714
0.188036	-2.241035714
0.18775	-2.2443125
0.187349	-2.249035714
0.18712	-2.251473214
0.18689	-2.259464286
0.186394	-2.255125
0.18626	-2.2588125
0.185974	-2.263330357
0.185535	-2.268214286
0.185363	-2.274473214
0.185057	-2.279464286
0.184618	-2.282473214
0.184294	-2.286142857
0.183988	-2.306035714
0.183625	-2.307892857
0.183339	-2.310383929
0.183071	-2.313419643
0.182613	-2.316223214
0.182384	-2.322383929
0.182212	-2.325883929
0.181849	-2.328901786
0.181563	-2.325464286
0.181219	-2.329357143
0.180818	-2.336589286
0.18057	-2.3400625
0.18036	-2.344044643
0.179997	-2.348526786
0.179673	-2.35175
0.179482	-2.356107143
0.179119	-2.37
0.178833	-2.370160714
0.178451	-2.375285714
0.177992	-2.379089286
0.177954	-2.383348214
0.177706	-2.385830357
0.177248	-2.39075
0.176999	-2.393839286
0.176637	-2.391294643
0.176388	-2.397625
0.176102	-2.400973214
0.175586	-2.405848214
0.175357	-2.408776786
0.1753	-2.414589286
0.174804	-2.420357143
0.174498	-2.423883929
0.174173	-2.432223214
0.173715	-2.433508929
0.173582	-2.438928571
0.173314	-2.443401786
0.173066	-2.446482143
0.172627	-2.452473214
0.172283	-2.458116071
0.172054	-2.462464286
0.171653	-2.456589286
0.171443	-2.463285714
0.17108	-2.467017857
0.170889	-2.472339286
0.170488	-2.477589286
0.170202	-2.481223214
0.170068	-2.485053571
0.169495	-2.488892857
0.169228	-2.50225
0.169075	-2.504651786
0.168617	-2.5081875
0.168388	-2.511571429
0.168082	-2.515589286
0.167891	-2.522178571
0.167376	-2.525607143
0.167147	-2.529714286
0.166631	-2.525633929
0.166383	-2.532732143
0.166192	-2.537455357
0.165791	-2.5400625
0.165734	-2.544669643
0.165256	-2.548830357
0.164874	-2.555508929
0.164722	-2.560232143
0.164321	-2.576053571
0.164053	-2.579473214
0.163671	-2.581491071
0.163385	-2.5855625
0.163041	-2.5915
0.162755	-2.594214286
0.162411	-2.597491071
0.162087	-2.600357143
0.161915	-2.599241071
0.161476	-2.604133929
0.161266	-2.607669643
0.161055	-2.612205357
0.160559	-2.61775
0.160254	-2.6231875
0.160063	-2.626357143
0.159681	-2.631017857
0.159432	-2.642178571
0.159146	-2.6475
0.158821	-2.650410714
0.158401	-2.654401786
0.158134	-2.658919643
0.157809	-2.661517857
0.157428	-2.666151786
0.157217	-2.6719375
0.156912	-2.666017857
0.156664	-2.673017857
0.156339	-2.678767857
0.1559	-2.683035714
0.155652	-2.687339286
0.15548	-2.690705357
0.155079	-2.693741071
0.154812	-2.701116071
0.154506	-2.715294643
0.154143	-2.719125
0.153838	-2.7194375
0.153418	-2.724883929
0.153074	-2.730642857
0.152921	-2.733089286
0.152692	-2.737357143
0.152291	-2.741642857
0.152157	-2.736678571
0.151776	-2.745232143
0.151241	-2.749482143
0.15105	-2.753910714
0.150802	-2.757339286
0.150248	-2.7631875
0.150095	-2.768276786
0.149828	-2.772482143
0.149389	-2.784133929
0.14916	-2.787357143
0.148911	-2.793419643
0.148529	-2.795892857
0.148319	-2.799580357
0.147861	-2.803133929
0.147632	-2.806758929
0.147403	-2.813125
0.146811	-2.809151786
0.146754	-2.814178571
0.146582	-2.817607143
0.146066	-2.823169643
0.145894	-2.8289375
0.145513	-2.834258929
0.145054	-2.837848214
0.144959	-2.842901786
0.144691	-2.862330357
0.14408	-2.864044643
0.143851	-2.8663125
0.143679	-2.870607143
0.143374	-2.8748125
0.142954	-2.879732143
0.14282	-2.885098214
0.1424	-2.889526786
0.1424	-2.883901786
0.141751	-2.889982143
0.141426	-2.895580357
0.141121	-2.901366071
0.141006	-2.904625
0.140567	-2.909133929
0.140529	-2.912392857
0.140013	-2.919375
0.139555	-2.931526786
0.139326	-2.933973214
0.138982	-2.936544643
0.138619	-2.942401786
0.138428	-2.948616071
0.138123	-2.951741071
0.137913	-2.954696429
0.137531	-2.959366071
0.137245	-2.957383929
0.136958	-2.964607143
0.136614	-2.968232143
0.136175	-2.971473214
0.136099	-2.9773125
0.135717	-2.98375
0.135201	-2.9873125
0.135087	-2.991107143
0.134533	-3.000794643
0.134419	-3.002714286
0.134037	-3.0088125
0.133788	-3.013705357
0.133426	-3.016901786
0.133216	-3.021705357
0.132929	-3.026401786
0.132528	-3.0333125
0.132337	-3.029598214
0.131994	-3.03375
0.131688	-3.038571429
0.131421	-3.045607143
0.131001	-3.050303571
0.130772	-3.055116071
0.130351	-3.057910714
0.13018	-3.063901786
0.129893	-3.077580357
0.129549	-3.080383929
0.129091	-3.083741071
0.129034	-3.088669643
0.128499	-3.092589286
0.128251	-3.099553571
0.128137	-3.103375
0.127602	-3.108258929
0.127449	-3.103705357
0.127144	-3.111651786
0.126781	-3.116491071
0.12638	-3.122071429
0.126227	-3.126267857
0.12575	-3.132169643
0.125578	-3.136035714
0.12533	-3.142535714
0.124833	-3.160330357
0.124489	-3.162330357
0.124127	-3.166053571
0.12384	-3.172910714
0.123668	-3.176919643
0.123344	-3.181491071
0.123057	-3.182491071
0.122714	-3.189625
0.122504	-3.1886875
0.122045	-3.193125
0.121969	-3.1970625
0.121434	-3.202473214
0.121224	-3.207848214
0.120976	-3.214410714
0.120422	-3.217696429
0.120289	-3.2223125
0.12004	-3.234776786
0.119582	-3.237544643
0.119372	-3.243464286
0.119124	-3.247741071
0.118666	-3.2520625
0.118398	-3.256455357
0.118169	-3.260625
0.117768	-3.267205357
0.117482	-3.263660714
0.117253	-3.269339286
0.116871	-3.27525
0.116661	-3.280928571
0.116241	-3.287017857
0.115744	-3.289875
0.115706	-3.296303571
0.115381	-3.301
0.115038	-3.310651786
0.11477	-3.313553571
0.114465	-3.317607143
0.114121	-3.322482143
0.113835	-3.328830357
0.113567	-3.334008929
0.113319	-3.339071429
0.113033	-3.34325
0.112574	-3.339723214
0.112288	-3.3466875
0.111963	-3.351910714
0.111696	-3.358535714
0.111448	-3.362901786
0.111066	-3.36975
0.110741	-3.375491071
0.110512	-3.379375
0.11013	-3.391133929
0.109787	-3.394375
0.109558	-3.3996875
0.109195	-3.405589286
0.108966	-3.411285714
0.108641	-3.414446429
0.108278	-3.420053571
0.107896	-3.425660714
0.10782	-3.423392857
0.107343	-3.428696429
0.107152	-3.433517857
0.106732	-3.439142857
0.106369	-3.446035714
0.106197	-3.452142857
0.105796	-3.457669643
0.105452	-3.461321429
0.105166	-3.481535714
0.104746	-3.485892857
0.104536	-3.489035714
0.10423	-3.493017857
0.103906	-3.498267857
0.103466	-3.502928571
0.103333	-3.510035714
0.102932	-3.513080357
0.102626	-3.510071429
0.102512	-3.514919643
0.102092	-3.521080357
0.101729	-3.528580357
0.1015	-3.532875
0.10108	-3.537071429
0.101041	-3.541964286
0.100659	-3.548776786
0.10043	-3.562848214
0.100125	-3.566241071
0.0996665	-3.570232143
0.0992464	-3.5755625
0.0990555	-3.583285714
0.0987309	-3.586348214
0.098349	-3.591241071
0.0980244	-3.596401786
0.097738	-3.593571429
0.0974707	-3.600464286
0.0971842	-3.606598214
0.0968214	-3.611446429
0.0966687	-3.616830357
0.0963441	-3.622205357
0.0959622	-3.630071429
0.095714	-3.634107143
0.0953321	-3.6425
0.0949502	-3.648392857
0.0949502	-3.652723214
0.0943392	-3.659160714
0.09411	-3.664455357
0.0938045	-3.6694375
0.0935563	-3.675098214
0.0931362	-3.682339286
0.0929262	-3.677651786
0.0925634	-3.686008929
0.0924106	-3.690544643
0.0920287	-3.699160714
0.0915513	-3.703991071
0.0913031	-3.709508929
0.0908639	-3.713964286
0.0906348	-3.720133929
0.0903484	-3.734223214
0.0899856	-3.738892857
0.0897374	-3.742660714
0.0895846	-3.7479375
0.0890691	-3.753366071
0.0887826	-3.7598125
0.0885535	-3.765803571
0.0881907	-3.772232143
0.0879043	-3.768651786
0.0877897	-3.775142857
0.0873505	-3.782482143
0.0870259	-3.787991071
0.086835	-3.794660714
0.0863385	-3.798785714
0.0861285	-3.806125
0.0858421	-3.813758929
0.0854411	-3.832696429
0.0853456	-3.835928571
0.0847728	-3.839982143
0.0844864	-3.845303571
0.0843527	-3.852901786
0.0837226	-3.857776786
0.0836653	-3.860160714
0.0834171	-3.869839286
0.0829206	-3.866732143
0.0826533	-3.873848214
0.0824433	-3.878910714
0.0821186	-3.884080357
0.0818513	-3.892544643
0.0815458	-3.8971875
0.0810684	-3.901892857
0.0809157	-3.908678571
0.0805147	-3.921892857
0.0802665	-3.927008929
0.0799991	-3.9335
0.0795791	-3.937991071
0.079369	-3.944151786
0.0791017	-3.949017857
0.0786816	-3.954741071
0.0783379	-3.962160714
0.0780706	-3.96
0.0776696	-3.965294643
0.0775169	-3.97225
0.0773068	-3.978455357
0.0766576	-3.984160714
0.0765239	-3.990928571
0.0761802	-3.995794643
0.0758938	-4.005285714
0.0756265	-4.018464286
0.0753019	-4.021535714
0.07492	-4.0276875
0.0747672	-4.032080357
0.074309	-4.0400625
0.0740607	-4.0461875
0.0739462	-4.051044643
0.0733352	-4.057
0.0732015	-4.055642857
0.0728005	-4.061830357
0.0725905	-4.069151786
0.072285	-4.07525
0.0720176	-4.081276786
0.0715976	-4.088660714
0.071292	-4.0944375
0.0709101	-4.101044643
0.0707192	-4.113053571
0.0704901	-4.117
0.0701464	-4.124642857
0.0696881	-4.130455357
0.0695735	-4.13525
0.0692107	-4.142705357
0.0689052	-4.146892857
0.0685997	-4.154991071
0.0682369	-4.1525
0.0679123	-4.159339286
0.0677786	-4.165339286
0.0672822	-4.172848214
0.0669767	-4.179875
0.0668812	-4.185723214
0.0663656	-4.1914375
0.0660792	-4.197366071
0.0658501	-4.219794643
0.06543	-4.222401786
0.0649717	-4.227821429
0.0649145	-4.234196429
0.0644944	-4.238464286
0.0642843	-4.246303571
0.0638643	-4.2515625
0.0635206	-4.257758929
0.0632532	-4.253580357
0.0629668	-4.261160714
0.0626995	-4.2674375
0.0624704	-4.274901786
0.0620312	-4.279892857
0.061802	-4.286419643
0.0615156	-4.292071429
0.0612101	-4.300080357
0.0606946	-4.3149375
0.06058	-4.318642857
0.0601217	-4.324821429
0.0598544	-4.333008929
0.0595298	-4.339285714
0.0593961	-4.344571429
0.0589379	-4.352625
0.058766	-4.358196429
0.0583841	-4.357383929
0.0580213	-4.366946429
0.0578877	-4.3713125
0.0576013	-4.377455357
0.0572385	-4.384080357
0.0568948	-4.39225
0.0565129	-4.3989375
0.0562264	-4.406178571
0.0559591	-4.415410714
0.0556345	-4.422321429
0.0552335	-4.428526786
0.0550999	-4.4371875
0.054718	-4.442044643
0.0543361	-4.448017857
0.0542024	-4.455857143
0.0537251	-4.462848214
0.0534959	-4.459348214
0.0532477	-4.4681875
0.0528085	-4.474017857
0.0524266	-4.482178571
0.0520829	-4.488098214
0.0519111	-4.494616071
0.0515865	-4.500580357
0.0513382	-4.508053571
0.0509754	-4.521089286
0.0507845	-4.527017857
0.050288	-4.5315
0.0501926	-4.538830357
0.0497343	-4.543633929
0.0494479	-4.550473214
0.0491806	-4.558642857
0.0488369	-4.5638125
0.0485122	-4.559375
0.048264	-4.5694375
0.0479585	-4.575616071
0.0475193	-4.582857143
0.0473666	-4.589955357
0.0470038	-4.596848214
0.0465264	-4.605580357
0.0465073	-4.613401786
0.0460491	-4.635544643
0.0456481	-4.641946429
0.0454571	-4.645491071
0.0451898	-4.654901786
0.0447124	-4.660205357
0.0445406	-4.6675
0.044025	-4.673375
0.0438532	-4.680598214
0.0436813	-4.678696429
0.0430703	-4.688267857
0.0429748	-4.694589286
0.0427648	-4.699919643
0.0423447	-4.709026786
0.0421538	-4.716803571
0.0417337	-4.7223125
0.04139	-4.729758929
0.0411227	-4.742303571
0.0409317	-4.751419643
0.0404544	-4.757651786
0.0402825	-4.764258929
0.0398433	-4.771303571
0.0395569	-4.777526786
0.0392896	-4.785767857
0.0389077	-4.794
0.0386977	-4.789526786
0.038373	-4.798839286
0.0380866	-4.807160714
0.0376475	-4.815160714
0.0375711	-4.823241071
0.0370364	-4.828330357
0.0369028	-4.837107143
0.0366545	-4.845758929
0.0362345	-4.855169643
0.0360053	-4.863553571
0.0355661	-4.868294643
0.0352988	-4.873714286
0.0349933	-4.884580357
0.0346305	-4.893017857
0.0343632	-4.899330357
0.0340577	-4.904571429
0.0337522	-4.902714286
0.0334848	-4.913758929
0.033122	-4.920928571
0.0326447	-4.928196429
0.0325492	-4.935767857
0.0324155	-4.943571429
0.0320718	-4.951142857
0.0316709	-4.958517857
0.0313081	-4.9715625
0.0309835	-4.978580357
0.0306398	-4.987303571
0.0303915	-4.993803571
0.0300096	-5.000464286
0.0297423	-5.007160714
0.0293795	-5.014419643
0.0289212	-5.022857143
0.0289976	-5.021366071
0.0285966	-5.029026786
0.0283293	-5.036741071
0.0280429	-5.043375
0.0277374	-5.050723214
0.0272982	-5.060044643
0.0271264	-5.066401786
0.0266108	-5.073258929
0.0263053	-5.0965
0.0260571	-5.102205357
0.025637	-5.109294643
0.0253506	-5.113651786
0.0251405	-5.1210625
0.024835	-5.131133929
0.0245486	-5.137651786
0.0242813	-5.144544643
0.0238421	-5.142866071
0.0236702	-5.150160714
0.0234029	-5.159553571
0.0229447	-5.167357143
0.0226391	-5.17375
0.0223718	-5.181026786
0.0220281	-5.188705357
0.0217226	-5.1969375
0.0214744	-5.211660714
0.0211307	-5.217946429
0.0209015	-5.225848214
0.0204624	-5.232955357
0.0201378	-5.239535714
0.0199468	-5.2476875
0.0195076	-5.254607143
0.0192403	-5.261339286
0.0189921	-5.260116071
0.0185911	-5.269866071
0.0184383	-5.277258929
0.0180374	-5.285267857
0.0176173	-5.290508929
0.0175218	-5.301410714
0.0172163	-5.307776786
0.0167389	-5.314276786
0.0166625	-5.32525
0.016147	-5.332794643
0.0157842	-5.341580357
0.0156887	-5.350089286
0.0152305	-5.355991071
0.0150013	-5.364848214
0.0146767	-5.372133929
0.0142757	-5.379455357
0.0140084	-5.379133929
0.0138938	-5.388455357
0.0135119	-5.395214286
0.0129964	-5.4038125
0.0129391	-5.411892857
0.0124617	-5.419616071
0.0122899	-5.426821429
0.0119653	-5.434580357
0.0115643	-5.450580357
0.0113352	-5.458723214
0.0110106	-5.464392857
0.0106096	-5.472589286
0.0103995	-5.478232143
0.0101131	-5.488991071
0.00962	-5.495660714
0.00952	-5.503758929
0.00925	-5.501848214
0.00883	-5.511982143
0.00857	-5.521348214
0.0082	-5.529294643
0.00799	-5.535705357
0.00761	-5.545044643
0.00725	-5.552705357
0.00692	-5.559776786
0.00675	-5.581875
0.00631	-5.588089286
0.0061	-5.595330357
0.00576	-5.604642857
0.0053	-5.611678571
0.00509	-5.619464286
0.00475	-5.625794643
0.0044	-5.632366071
0.00427	-5.633071429
0.00389	-5.642348214
0.00366	-5.650294643
0.00337	-5.657419643
0.00297	-5.667375
0.00257	-5.674267857
0.00248	-5.682321429
0.00204	-5.688276786
0.00185	-5.704973214
0.00154	-5.712928571
0.00108	-5.720633929
7.38E-4	-5.727375
4.89E-4	-5.734392857
1.08E-4	-5.7435
5.03E-5	-5.752982143
-3.13E-4	-5.761901786
-7.71E-4	-5.759321429
-9.24E-4	-5.768714286
-0.00121	-5.777660714
-0.00165	-5.786008929
-0.0019	-5.793455357
-0.00232	-5.801
-0.00258	-5.8088125
-0.00278	-5.8178125
-0.00346	-5.850821429
-0.00352	-5.855857143
-0.00383	-5.862473214
-0.00428	-5.871392857
-0.00448	-5.879482143
-0.00486	-5.888339286
-0.00511	-5.895098214
-0.00541	-5.9025
-0.00566	-5.903383929
-0.006	-5.913294643
-0.00631	-5.9213125
-0.00671	-5.930339286
-0.00692	-5.939142857
-0.00724	-5.947089286
-0.00755	-5.957883929
-0.00789	-5.964419643
-0.00801	-5.9815625
-0.00845	-5.986991071
-0.00891	-5.996089286
-0.00908	-6.003767857
-0.00946	-6.012678571
-0.00973	-6.020383929
-0.00994	-6.028419643
-0.0103371	-6.038258929
-0.0106045	-6.037776786
-0.0109482	-6.047660714
-0.0112919	-6.055633929
-0.011311	-6.063526786
-0.0117501	-6.072892857
-0.0121893	-6.082125
-0.0123993	-6.091133929
-0.0128003	-6.099348214
-0.0130868	-6.123544643
-0.013335	-6.130910714
-0.013736	-6.138348214
-0.0139842	-6.146517857
-0.0142515	-6.154883929
-0.0147671	-6.164892857
-0.0150535	-6.173223214
-0.0152253	-6.181
-0.0156263	-6.179276786
-0.0158364	-6.189616071
-0.0162183	-6.198357143
-0.0165811	-6.209044643
-0.016772	-6.218455357
-0.0170966	-6.226098214
-0.0174785	-6.23475
-0.0176313	-6.244330357
-0.0180322	-6.2610625
-0.0183568	-6.268625
-0.018586	-6.2765625
-0.0189679	-6.285169643
-0.0193307	-6.295383929
-0.019407	-6.3029375
-0.0200372	-6.312089286
-0.0201899	-6.3198125
-0.0204191	-6.321276786
-0.0208009	-6.331142857
-0.0211828	-6.341223214
-0.0212783	-6.349017857
-0.0218702	-6.358794643
-0.0220421	-6.368651786
-0.0223094	-6.377473214
-0.0225958	-6.387196429
-0.0230159	-6.398035714
-0.023245	-6.408651786
-0.0236842	-6.417339286
-0.0240279	-6.427026786
-0.0240088	-6.435955357
-0.0245626	-6.443955357
-0.0249254	-6.454375
-0.025059	-6.463848214
-0.0252882	-6.464508929
-0.0256701	-6.474616071
-0.0259565	-6.484419643
-0.0263384	-6.494776786
-0.0267203	-6.504044643
-0.0270067	-6.512401786
-0.027274	-6.520553571
-0.0275986	-6.530544643
-0.0277895	-6.547660714
-0.0283242	-6.555901786
-0.0284579	-6.564339286
-0.0287252	-6.573776786
-0.0291644	-6.584767857
-0.029489	-6.594107143
-0.0296035	-6.601955357
-0.0300045	-6.612321429
-0.0303291	-6.611776786
-0.0307492	-6.622598214
-0.0310165	-6.633821429
-0.0312266	-6.642428571
-0.0314557	-6.650464286
-0.0319903	-6.659892857
-0.0321431	-6.669794643
-0.0323531	-6.679767857
-0.0328496	-6.703955357
-0.0331169	-6.711151786
-0.0334415	-6.719133929
-0.0339762	-6.729705357
-0.0341289	-6.738598214
-0.0341862	-6.749169643
-0.0347209	-6.757410714
-0.0350073	-6.769258929
-0.0353128	-6.769357143
-0.035561	-6.779928571
-0.0359238	-6.788660714
-0.036153	-6.797669643
-0.0364585	-6.8079375
-0.0367449	-6.819589286
-0.0369931	-6.827133929
-0.0374132	-6.836633929
-0.037776	-6.854151786
-0.0380433	-6.8636875
-0.0383297	-6.873339286
-0.0385589	-6.882080357
-0.0389789	-6.891928571
-0.0393036	-6.900258929
-0.03959	-6.910625
-0.0398382	-6.921
-0.0402201	-6.921866071
-0.0403728	-6.931223214
-0.0406975	-6.9429375
-0.0410412	-6.953169643
-0.0413085	-6.961151786
-0.0418049	-6.972071429
-0.0419577	-6.980919643
-0.0422823	-6.991794643
-0.0426069	-7.005544643
-0.0429888	-7.013928571
-0.0432561	-7.0225625
-0.0435616	-7.031991071
-0.0440199	-7.042035714
-0.0441536	-7.053580357
-0.0444209	-7.061258929
-0.0448219	-7.070660714
-0.0450128	-7.071205357
-0.0453565	-7.083508929
-0.0457002	-7.093901786
-0.045853	-7.104330357
-0.0464067	-7.112785714
-0.046655	-7.124821429
-0.0468459	-7.133651786
-0.047266	-7.142267857
-0.0476288	-7.161205357
-0.0478579	-7.168625
-0.0482398	-7.179366071
-0.0486599	-7.190089286
-0.0487935	-7.198732143
-0.0492518	-7.209142857
-0.0492709	-7.217883929
-0.0495764	-7.228767857
-0.0500347	-7.230857143
-0.0503975	-7.241875
-0.0504357	-7.250571429
-0.0509894	-7.260053571
-0.0512758	-7.271517857
-0.0515813	-7.282116071
-0.051925	-7.2916875
-0.0519441	-7.300008929
-0.052517	-7.326035714
-0.0529371	-7.333598214
-0.0531089	-7.342705357
-0.0534908	-7.351973214
-0.0538727	-7.360428571
-0.0541209	-7.373446429
-0.0541973	-7.382410714
-0.0548274	-7.390464286
-0.0550375	-7.391160714
-0.0552475	-7.401785714
-0.055744	-7.412919643
-0.055954	-7.422455357
-0.0562022	-7.432116071
-0.0564886	-7.442803571
-0.0566414	-7.452839286
-0.0570615	-7.462839286
-0.0576534	-7.481982143
-0.0576916	-7.490991071
-0.0580162	-7.498607143
-0.0583599	-7.5100625
-0.0586845	-7.519776786
-0.0589709	-7.5293125
-0.0592574	-7.538169643
-0.0596392	-7.546964286
-0.0599448	-7.550580357
-0.0602694	-7.560803571
-0.0604794	-7.570633929
-0.0608231	-7.5804375
-0.0611668	-7.588714286
-0.0613387	-7.601241071
-0.0617778	-7.612241071
-0.0620643	-7.621741071
-0.0621788	-7.634723214
-0.062828	-7.644526786
-0.0631526	-7.654098214
-0.0631908	-7.666625
-0.0636109	-7.675910714
-0.0639546	-7.6846875
-0.0641646	-7.696258929
-0.0646229	-7.704071429
-0.0647375	-7.706946429
-0.0649666	-7.717535714
-0.0655204	-7.727080357
-0.065845	-7.737821429
-0.0659595	-7.748767857
-0.066456	-7.758669643
-0.0665897	-7.767232143
-0.0669715	-7.777669643
-0.0673343	-7.797267857
-0.0676208	-7.805946429
-0.067869	-7.815357143
-0.0681745	-7.824642857
-0.0684609	-7.837008929
-0.0687664	-7.846517857
-0.0691674	-7.855705357
-0.0693011	-7.863803571
-0.0697212	-7.865366071
-0.0701221	-7.877919643
-0.0701794	-7.8880625
-0.0707332	-7.897625
-0.0709814	-7.9078125
-0.0711342	-7.91675
-0.0715733	-7.929080357
-0.0720125	-7.939160714
-0.0720889	-7.963964286
-0.0727954	-7.972232143
-0.0727954	-7.980723214
-0.0731773	-7.991383929
-0.0734828	-8.002696429
-0.0738265	-8.0126875
-0.0741511	-8.022
-0.0744948	-8.032991071
-0.0746476	-8.033553571
-0.0747812	-8.044651786
-0.0752395	-8.053883929
-0.0754495	-8.062508929
-0.0758314	-8.075919643
-0.0762897	-8.085714286
-0.0764233	-8.096223214
-0.0768434	-8.106008929
-0.0772062	-8.122678571
-0.0774544	-8.13325
-0.0777027	-8.1434375
-0.07818	-8.152535714
-0.0784092	-8.1638125
-0.0787338	-8.170473214
-0.0790202	-8.183553571
-0.0792111	-8.193375
-0.0797267	-8.194526786
-0.0799367	-8.2044375
-0.0801086	-8.2163125
-0.0805478	-8.227875
-0.080796	-8.237785714
-0.0811015	-8.246178571
-0.0813497	-8.254258929
-0.0815789	-8.2655625
-0.0821135	-8.286276786
-0.0823808	-8.294232143
-0.0824954	-8.304339286
-0.0829728	-8.313964286
-0.0833738	-8.326125
-0.0835456	-8.3358125
-0.0839848	-8.343642857
-0.0842139	-8.354607143
-0.0845003	-8.356125
-0.0848249	-8.367642857
-0.0851686	-8.37775
-0.0853787	-8.388232143
-0.0857797	-8.398741071
-0.0860088	-8.409133929
-0.086257	-8.418669643
-0.0867153	-8.430767857
-0.0869253	-8.446276786
-0.087269	-8.455553571
-0.0877082	-8.467910714
-0.0879374	-8.479303571
-0.0882047	-8.487535714
-0.0885484	-8.498071429
-0.0887393	-8.505928571
-0.0890639	-8.518366071
-0.0895604	-8.519758929
-0.0898659	-8.529794643
-0.0901332	-8.540357143
-0.0902096	-8.549553571
-0.0905724	-8.560276786
-0.0910689	-8.572607143
-0.091107	-8.581857143
-0.0916035	-8.591705357
-0.0919854	-8.617464286
-0.0922336	-8.627133929
-0.0923864	-8.635741071
-0.0928256	-8.644964286
-0.0931884	-8.655464286
-0.0935321	-8.666151786
-0.0938949	-8.676357143
-0.0941431	-8.684794643
-0.0944295	-8.68675
-0.0946968	-8.696133929
-0.0948878	-8.710821429
-0.095136	-8.7210625
-0.0955943	-8.730205357
-0.0958425	-8.739794643
-0.0963008	-8.748330357
-0.0964344	-8.760428571
-0.0967972	-8.779642857
-0.0971982	-8.787401786
-0.0974273	-8.797964286
-0.097771	-8.808366071
-0.0981338	-8.818241071
-0.0982866	-8.828785714
-0.0988212	-8.838285714
-0.0989931	-8.847151786
-0.0991268	-8.851464286
-0.0996423	-8.863482143
-0.0999478	-8.872526786
-0.100101	-8.882875
-0.10054	-8.892133929
-0.100941	-8.903267857
-0.101074	-8.915241071
-0.101552	-8.924776786
-0.101876	-8.938571429
-0.102163	-8.946428571
-0.102564	-8.958482143
-0.102678	-8.96875
-0.103003	-8.980178571
-0.103347	-8.988392857
-0.103614	-8.998660714
-0.103786	-9.010089286
-0.104244	-9.011339286
-0.104435	-9.021964286
-0.104779	-9.031875
-0.105122	-9.044642857
-0.105409	-9.056160714
-0.105772	-9.065089286
-0.106058	-9.075535714
-0.106421	-9.085
-0.106765	-9.105625
-0.107013	-9.113303571
-0.107318	-9.121428571
-0.109247	-9.175178571
-0.109514	-9.186160714
-0.109724	-9.198660714
-0.110144	-9.208303571
-0.110354	-9.217142857
-0.110794	-9.227767857
-0.111099	-9.240267857
-0.111118	-9.250178571
-0.111748	-9.276696429
-0.112092	-9.284553571
-0.112245	-9.291071429
-0.112665	-9.303660714
-0.112932	-9.314464286
-0.11318	-9.322142857
-0.113505	-9.331964286
-0.11381	-9.343392857
-0.11404	-9.346517857
-0.11446	-9.356875
-0.114593	-9.366071429
-0.11509	-9.376875
-0.1153	-9.386607143
-0.115472	-9.398392857
-0.11593	-9.407678571
-0.116178	-9.414553571
-0.116388	-9.433660714
-0.117018	-9.444375
-0.117152	-9.454285714
-0.117419	-9.462767857
-0.117782	-9.470357143
-0.118049	-9.480803571
-0.11847	-9.495803571
-0.118527	-9.504464286
-0.119023	-9.505089286
-0.119348	-9.516071429
-0.119539	-9.525267857
-0.11973	-9.538214286
-0.120322	-9.547321429
-0.120455	-9.556428571
-0.120818	-9.567678571
-0.121162	-9.577678571
-0.121296	-9.592767857
-0.121907	-9.602857143
-0.122136	-9.61125
-0.122327	-9.620357143
-0.122766	-9.631428571
-0.123014	-9.640982143
-0.123129	-9.652589286
-0.123701	-9.660535714
-0.123682	-9.662678571
-0.124141	-9.673928571
-0.124522	-9.684642857
-0.124713	-9.690267857
-0.125134	-9.703660714
-0.125439	-9.711696429
-0.125573	-9.724910714
-0.126107	-9.735089286
-0.126413	-9.750625
-0.126661	-9.759017857
-0.127043	-9.768571429
-0.12731	-9.78
-0.127654	-9.789196429
-0.127921	-9.797232143
-0.128227	-9.807232143
-0.128628	-9.817857143
-0.128819	-9.818125
-0.129105	-9.82875
-0.129525	-9.838035714
-0.129621	-9.847857143
-0.130041	-9.858125
-0.130518	-9.869375
-0.130537	-9.878571429
-0.130996	-9.888214286
-0.131339	-9.91375
-0.131664	-9.923125
-0.131969	-9.930446429
-0.132294	-9.938928571
-0.132504	-9.946964286
-0.133	-9.959107143
-0.133172	-9.966517857
-0.133478	-9.976517857
-0.133726	-9.975
-0.134051	-9.983482143
-0.134318	-9.994642857
-0.134853	-10.00589286
-0.134795	-10.01473214
-0.135349	-10.02410714
-0.135521	-10.03133929
-0.135846	-10.04303571
-0.136342	-10.05919643
-0.136495	-10.06803571
-0.136896	-10.07526786
-0.137297	-10.08410714
-0.13745	-10.09375
-0.137908	-10.10142857
-0.138099	-10.10928571
-0.138347	-10.118125
-0.138691	-10.11767857
-0.138977	-10.12946429
-0.139187	-10.13678571
-0.139607	-10.14428571
-0.139894	-10.15446429
-0.140371	-10.16348214
-0.140486	-10.17446429
-0.140638	-10.18267857
-0.141192	-10.19705357
-0.141555	-10.20339286
-0.141708	-10.214375
-0.142128	-10.22026786
-0.142376	-10.22973214
-0.142758	-10.23544643
-0.142987	-10.24616071
-0.14335	-10.25428571
-0.143598	-10.25383929
-0.143903	-10.26196429
-0.14419	-10.27044643
-0.144514	-10.27964286
-0.144858	-10.28758929
-0.145068	-10.29714286
-0.145507	-10.30258929
-0.145603	-10.3125
-0.146061	-10.33035714
-0.146539	-10.33776786
-0.146596	-10.34544643
-0.147092	-10.35267857
-0.14734	-10.35973214
-0.14757	-10.37044643
-0.147971	-10.37607143
-0.148314	-10.38598214
-0.148486	-10.38428571
-0.148887	-10.39241071
-0.149288	-10.40276786
-0.149384	-10.40901786
-0.149765	-10.416875
-0.149823	-10.42517857
-0.150453	-10.43080357
-0.150835	-10.44098214
-0.150949	-10.46339286
-0.151389	-10.46973214
-0.15156	-10.47616071
-0.151847	-10.48375
-0.152343	-10.49133929
-0.15263	-10.49928571
-0.152897	-10.50517857
-0.153145	-10.51616071
-0.153508	-10.51285714
-0.15368	-10.52035714
-0.1541	-10.52776786
-0.154329	-10.53392857
-0.154673	-10.54178571
-0.155055	-10.55169643
-0.155379	-10.55651786
-0.155628	-10.56232143
-0.155914	-10.5775
-0.156124	-10.58517857
-0.156659	-10.59428571
-0.156773	-10.59669643
-0.157117	-10.60544643
-0.15748	-10.61080357
-0.157766	-10.61830357
-0.158148	-10.62660714
-0.158396	-10.62535714
-0.158606	-10.62928571
-0.159045	-10.64044643
-0.159389	-10.64723214
-0.159676	-10.655625
-0.159924	-10.66071429
-0.160172	-10.66839286
-0.160592	-10.67303571
-0.160917	-10.69491071
-0.161069	-10.69803571
-0.161623	-10.70348214
-0.161757	-10.70883929
-0.161986	-10.71776786
-0.162521	-10.72303571
-0.162673	-10.72758929
-0.163113	-10.73276786
-0.163494	-10.7325
-0.16359	-10.74089286
-0.163953	-10.7475
-0.164258	-10.75321429
-0.164506	-10.75973214
-0.164869	-10.76785714
-0.16527	-10.775625
-0.165232	-10.78017857
-0.165939	-10.79267857
-0.165996	-10.79866071
-0.166359	-10.80491071
-0.166702	-10.81303571
-0.166855	-10.81705357
-0.167332	-10.82214286
-0.167695	-10.82723214
-0.167867	-10.83446429
-0.168268	-10.83276786
-0.168497	-10.84017857
-0.168879	-10.845
-0.169146	-10.85089286
-0.169433	-10.85875
-0.169719	-10.86571429
-0.170178	-10.87107143
-0.170445	-10.87419643
-0.170674	-10.89946429
-0.170999	-10.904375
-0.171285	-10.90848214
-0.171839	-10.91383929
-0.171934	-10.91616071
-0.172259	-10.92375
-0.172641	-10.93116071
-0.172774	-10.93571429
-0.173175	-10.93205357
-0.173462	-10.93660714
-0.173748	-10.94375
-0.17413	-10.95169643
-0.174283	-10.955
-0.174665	-10.95973214
-0.174989	-10.96508929
-0.175295	-10.97125
-0.175639	-10.98607143
-0.176059	-10.99080357
-0.17625	-10.99410714
-0.176421	-11.00142857
-0.176918	-11.00660714
-0.177032	-11.01053571
-0.177586	-11.01482143
-0.177777	-11.02080357
-0.178121	-11.01660714
-0.178369	-11.02544643
-0.178732	-11.02946429
-0.17898	-11.03428571
-0.179438	-11.03901786
-0.179648	-11.04714286
-0.179973	-11.05089286
-0.180374	-11.05526786
-0.180489	-11.06678571
-0.180851	-11.07017857
-0.181157	-11.07535714
-0.181405	-11.08151786
-0.181921	-11.08616071
-0.182188	-11.09026786
-0.182341	-11.098125
-0.182723	-11.10196429
-0.183143	-11.09866071
-0.183315	-11.10383929
-0.183544	-11.10946429
-0.183907	-11.11491071
-0.184327	-11.12098214
-0.184632	-11.128125
-0.184785	-11.13107143
-0.185205	-11.13544643
-0.185491	-11.14741071
-0.185873	-11.15553571
-0.186255	-11.15946429
-0.186427	-11.16223214
-0.186771	-11.16803571
-0.187057	-11.16883929
-0.187286	-11.17696429
-0.187573	-11.18142857
-0.187859	-11.17758929
-0.188203	-11.18633929
-0.188623	-11.19178571
-0.188814	-11.19526786
-0.189196	-11.20035714
-0.18952	-11.20375
-0.189807	-11.21098214
-0.190112	-11.21428571
-0.190532	-11.23473214
-0.190685	-11.23598214
-0.191124	-11.24232143
-0.19143	-11.24866071
-0.19164	-11.25294643
-0.192041	-11.255
-0.192499	-11.26
-0.192614	-11.26544643
-0.192824	-11.26241071
-0.193091	-11.26544643
-0.193511	-11.27053571
-0.193912	-11.273125
-0.194141	-11.28098214
-0.194294	-11.28446429
-0.194752	-11.28883929
-0.195	-11.291875
-0.195421	-11.30401786
-0.19565	-11.309375
-0.195898	-11.3125
-0.19628	-11.31535714
-0.1967	-11.3225
-0.196853	-11.32294643
-0.197215	-11.32991071
-0.197521	-11.33410714
-0.197846	-11.32946429
-0.198056	-11.33276786
-0.198418	-11.34071429
-0.198724	-11.34446429
-0.199182	-11.34919643
-0.199201	-11.353125
-0.199602	-11.35776786
-0.19987	-11.36267857
-0.200175	-11.37071429
-0.200652	-11.37410714
-0.200977	-11.37678571
-0.201244	-11.38098214
-0.201626	-11.38669643
-0.201741	-11.39133929
-0.202065	-11.39375
-0.20239	-11.39973214
-0.202696	-11.39339286
-0.203077	-11.40098214
-0.203345	-11.40419643
-0.203536	-11.40857143
-0.203937	-11.41205357
-0.20428	-11.41892857
-0.20451	-11.42214286
-0.205025	-11.42482143
-0.205101	-11.43919643
-0.205655	-11.44044643
-0.205923	-11.44464286
-0.206113	-11.45080357
-0.206476	-11.45419643
-0.206744	-11.45580357
-0.207164	-11.46098214
-0.207374	-11.46366071
-0.20766	-11.46053571
-0.207927	-11.46625
-0.20829	-11.46982143
-0.208615	-11.47473214
-0.208901	-11.479375
-0.209264	-11.48419643
-0.209455	-11.48705357
-0.209875	-11.48955357
-0.210219	-11.50964286
-0.210391	-11.51366071
-0.210792	-11.51598214
-0.211059	-11.51830357
-0.211345	-11.52169643
-0.211727	-11.52866071
-0.211918	-11.52910714
-0.212205	-11.53401786
-0.212472	-11.52892857
-0.212854	-11.53276786
-0.213198	-11.53625
-0.213446	-11.54044643
-0.213789	-11.54428571
-0.21421	-11.54642857
-0.214515	-11.55214286
-0.214591	-11.55473214
-0.215088	-11.56758929
-0.215336	-11.56875
-0.215661	-11.5725
-0.216081	-11.58
-0.216234	-11.58080357
-0.216577	-11.584375
-0.216921	-11.58732143
-0.217246	-11.59169643
-0.217532	-11.58741071
-0.217742	-11.59383929
-0.218048	-11.59580357
-0.218429	-11.59910714
-0.218582	-11.60205357
-0.218983	-11.60901786
-0.219365	-11.61160714
-0.219556	-11.61482143
-0.22011	-11.62258929
-0.220339	-11.62830357
-0.220549	-11.63
-0.220797	-11.635625
-0.221236	-11.63866071
-0.221504	-11.64035714
-0.221905	-11.64410714
-0.222172	-11.64821429
-0.222306	-11.644375
-0.222764	-11.65
-0.222859	-11.65205357
-0.223222	-11.65455357
-0.223719	-11.66
-0.223795	-11.66133929
-0.224311	-11.66571429
-0.224654	-11.66991071
-0.224922	-11.68294643
-0.225361	-11.68651786
-0.225494	-11.68803571
-0.225666	-11.69321429
-0.226125	-11.69616071
-0.226392	-11.69830357
-0.226755	-11.70267857
-0.227117	-11.70526786
-0.227117	-11.70294643
-0.227652	-11.70607143
-0.228072	-11.70973214
-0.228187	-11.71410714
-0.228626	-11.71705357
-0.22897	-11.72071429
-0.229008	-11.724375
-0.229523	-11.72875
-0.22981	-11.74678571
-0.230211	-11.74946429
-0.230535	-11.74883929
-0.230803	-11.75330357
-0.230975	-11.75991071
-0.231414	-11.76116071
-0.231528	-11.76383929
-0.231948	-11.76991071
-0.232349	-11.76383929
-0.232559	-11.76946429
-0.232903	-11.77214286
-0.233132	-11.77508929
-0.233361	-11.78044643
-0.233781	-11.78375
-0.234202	-11.78553571
-0.23445	-11.78964286
-0.23487	-11.80125
-0.234965	-11.80357143
-0.235405	-11.80803571
-0.235729	-11.81133929
-0.235939	-11.81267857
-0.236264	-11.81410714
-0.236665	-11.82017857
-0.236875	-11.82633929
-0.237314	-11.82008929
-0.237486	-11.82339286
-0.237772	-11.82714286
-0.238288	-11.831875
-0.238383	-11.83544643
-0.238803	-11.83946429
-0.239166	-11.840625
-0.239223	-11.84651786
-0.239701	-11.85571429
-0.240064	-11.86241071
-0.240312	-11.86419643
-0.240541	-11.86723214
-0.240866	-11.86991071
-0.241228	-11.87491071
-0.241534	-11.87767857
-0.241839	-11.88053571
-0.242068	-11.87607143
-0.242508	-11.88330357
-0.242622	-11.88419643
-0.2431	-11.88964286
-0.243443	-11.89178571
-0.243615	-11.895625
-0.244035	-11.90035714
-0.244207	-11.90544643
-0.244589	-11.914375
-0.245009	-11.91758929
-0.245276	-11.920625
-0.24541	-11.92419643
-0.245907	-11.92785714
-0.246002	-11.93107143
-0.246327	-11.93232143
-0.246842	-11.93723214
-0.246995	-11.93205357
-0.247358	-11.93491071
-0.247491	-11.93892857
-0.247911	-11.94205357
-0.248332	-11.94821429
-0.248713	-11.953125
-0.249	-11.95589286
-0.249229	-11.959375
-0.249573	-11.98008929
-0.249859	-11.98196429
-0.250279	-11.98473214
-0.250356	-11.98741071
-0.250757	-11.99401786
-0.251081	-11.99714286
-0.251406	-12.00017857
-0.251788	-12.00544643
-0.251864	-11.99696429
-0.252284	-12.00071429
-0.252666	-12.00616071
-0.252857	-12.01098214
-0.253067	-12.01428571
-0.253583	-12.01616071
-0.253907	-12.02330357
-0.254003	-12.02875
-0.254404	-12.03767857
-0.254766	-12.03955357
-0.25511	-12.04517857
-0.255492	-12.04919643
-0.255778	-12.05580357
-0.256179	-12.05651786
-0.256256	-12.06089286
-0.256714	-12.06482143
-0.257	-12.06169643
-0.257134	-12.06651786
-0.257497	-12.07071429
-0.257841	-12.074375
-0.258165	-12.07741071
-0.258509	-12.08633929
-0.258814	-12.08866071
-0.259024	-12.093125
-0.259425	-12.09946429
-0.259788	-12.10348214
-0.259998	-12.10696429
-0.260495	-12.11276786
-0.260705	-12.11696429
-0.260896	-12.12089286
-0.261354	-12.12580357
-0.261602	-12.13071429
-0.261965	-12.12892857
-0.262118	-12.13017857
-0.262347	-12.13571429
-0.262729	-12.14151786
-0.26313	-12.14714286
-0.263263	-12.15107143
-0.263779	-12.15553571
-0.263894	-12.15955357
-0.264218	-12.17339286
-0.264772	-12.17633929
-0.26502	-12.18428571
-0.265116	-12.18571429
-0.265593	-12.19205357
-0.265822	-12.19928571
-0.266089	-12.20214286
-0.26651	-12.20642857
-0.266624	-12.20330357
-0.267025	-12.21008929
-0.267426	-12.21401786
-0.267598	-12.22205357
-0.267961	-12.22553571
-0.268343	-12.23026786
-0.268534	-12.23571429
-0.268973	-12.24294643
-0.269355	-12.26196429
-0.269546	-12.26330357
-0.269851	-12.26794643
-0.270233	-12.27241071
-0.270424	-12.2775
-0.270787	-12.28428571
-0.271149	-12.28758929
-0.271283	-12.29276786
-0.271646	-12.29107143
-0.27199	-12.29571429
-0.2722	-12.29991071
-0.272562	-12.30625
-0.27283	-12.31294643
-0.273345	-12.31910714
-0.273441	-12.32116071
-0.273689	-12.329375
-0.274166	-12.34169643
-0.274472	-12.34714286
-0.274835	-12.353125
-0.275121	-12.35803571
-0.275331	-12.36330357
-0.275713	-12.36901786
-0.275999	-12.37633929
-0.276171	-12.38285714
-0.27663	-12.38044643
-0.276973	-12.3875
-0.277241	-12.39491071
-0.277546	-12.400625
-0.277928	-12.40696429
-0.2781	-12.41294643
-0.278539	-12.41973214
-0.278749	-12.425625
-0.279093	-12.43714286
-0.279284	-12.44071429
-0.279799	-12.44607143
-0.280143	-12.45267857
-0.280391	-12.46107143
-0.280582	-12.46821429
-0.280926	-12.47267857
-0.281117	-12.47910714
-0.281499	-12.47589286
-0.281919	-12.48464286
-0.282129	-12.49241071
-0.282473	-12.49875
-0.282721	-12.50482143
-0.282931	-12.51491071
-0.283523	-12.52285714
-0.283656	-12.52901786
-0.284076	-12.54375
-0.284477	-12.54991071
-0.284783	-12.55758929
-0.284859	-12.56508929
-0.28526	-12.57214286
-0.285299	-12.57821429
-0.285814	-12.58508929
-0.286215	-12.59357143
-0.286387	-12.59285714
-0.286769	-12.60133929
-0.287151	-12.60866071
-0.287456	-12.61535714
-0.287704	-12.625625
-0.287953	-12.6325
-0.288411	-12.64035714
-0.288602	-12.64625
-0.288965	-12.66875
-0.289232	-12.67714286
-0.289652	-12.68410714
-0.289824	-12.69196429
-0.290168	-12.69910714
-0.290588	-12.70928571
-0.290798	-12.71741071
-0.291313	-12.72366071
-0.291409	-12.72428571
-0.291791	-12.73455357
-0.291982	-12.74375
-0.292383	-12.75241071
-0.292688	-12.76339286
-0.292822	-12.769375
-0.293127	-12.77669643
-0.293681	-12.78678571
-0.293853	-12.801875
-0.29412	-12.80866071
-0.294598	-12.81848214
-0.294789	-12.82758929
-0.295094	-12.83848214
-0.295438	-12.84544643
-0.295629	-12.85419643
-0.295991	-12.86223214
-0.296316	-12.86473214
-0.296583	-12.87714286
-0.296908	-12.88705357
-0.297214	-12.894375
-0.297615	-12.90419643
-0.297825	-12.91330357
-0.297996	-12.92491071
-0.298493	-12.93285714
-0.298741	-12.9475
-0.298837	-12.95651786
-0.299505	-12.96875
-0.299639	-12.97964286
-0.30004	-12.99008929
-0.300269	-12.99866071
-0.300631	-13.11741071
-0.300345	-12.91071429
-0.299963	-12.76116071
-0.299696	-12.61580357
-0.299409	-12.47883929
-0.299085	-12.34705357
-0.298913	-12.21625
-0.298416	-12.08401786
-0.298302	-11.95696429
-0.297958	-11.833125
-0.297691	-11.71339286
-0.297271	-11.59026786
-0.297042	-11.47169643
-0.29666	-11.35517857
-0.296373	-11.23964286
-0.296125	-11.13392857
-0.295858	-11.01794643
-0.295457	-10.90678571
-0.294979	-10.79589286
-0.294884	-10.68598214
-0.294521	-10.57892857
-0.294006	-10.47089286
-0.293967	-10.36303571
-0.293509	-10.24955357
-0.293204	-10.14607143
-0.293032	-10.04383929
-0.29265	-9.939107143
-0.292325	-9.835803571
-0.292134	-9.733660714
-0.291733	-9.634107143
-0.291523	-9.534910714
-0.291103	-9.444821429
-0.29074	-9.345178571
-0.290569	-9.246964286
-0.290263	-9.151607143
-0.289881	-9.054285714
-0.289633	-8.957767857
-0.289251	-8.864223214
-0.288869	-8.768919643
-0.288736	-8.66425
-0.288315	-8.573214286
-0.288029	-8.480785714
-0.287819	-8.3894375
-0.287323	-8.300214286
-0.286979	-8.211321429
-0.286845	-8.119607143
-0.286311	-8.030517857
-0.286196	-7.951303571
-0.285833	-7.862035714
-0.285432	-7.7753125
-0.285279	-7.686785714
-0.284955	-7.599598214
-0.284592	-7.514589286
-0.284287	-7.430830357
-0.284096	-7.345089286
-0.283542	-7.254
-0.283313	-7.170892857
-0.283084	-7.087767857
-0.282702	-7.006205357
-0.282453	-6.924267857
-0.282148	-6.842803571
-0.281823	-6.759857143
-0.281632	-6.680232143
-0.281212	-6.609410714
-0.280983	-6.528785714
-0.280697	-6.447241071
-0.280315	-6.370098214
-0.280028	-6.288732143
-0.279627	-6.210633929
-0.279475	-6.134080357
-0.279036	-6.055633929
-0.278845	-5.973589286
-0.278425	-5.898705357
-0.278195	-5.822928571
-0.277833	-5.746053571
-0.277546	-5.671
-0.277374	-5.596830357
-0.27684	-5.522401786
-0.276572	-5.448767857
-0.276305	-5.381669643
-0.275942	-5.307017857
-0.275637	-5.236008929
-0.275388	-5.163464286
-0.275064	-5.090803571
-0.274835	-5.018696429
-0.274586	-4.947125
-0.274109	-4.876580357
-0.273956	-4.798383929
-0.273651	-4.728857143
-0.273097	-4.659375
-0.272925	-4.588544643
-0.272792	-4.518901786
-0.272219	-4.453
-0.272066	-4.383446429
-0.271608	-4.316526786
-0.27134	-4.253794643
-0.271245	-4.186142857
-0.270729	-4.118883929
-0.270367	-4.048571429
-0.270214	-3.9865
-0.269832	-3.919017857
-0.269584	-3.852357143
-0.269278	-3.787866071
-0.268915	-3.707303571
-0.268572	-3.642875
-0.26819	-3.579866071
-0.267846	-3.515544643
-0.267712	-3.451080357
-0.267369	-3.3863125
-0.266949	-3.324303571
-0.26672	-3.26
-0.26502	-2.896651786
-0.264581	-2.834866071
-0.264237	-2.776330357
-0.264123	-2.7061875
-0.26376	-2.6471875
-0.263512	-2.586919643
-0.263015	-2.527875
-0.26271	-2.468455357
-0.262442	-2.4098125
-0.262251	-2.351107143
-0.261736	-2.292642857
-0.261526	-2.243392857
-0.261278	-2.182330357
-0.2608	-2.125392857
-0.260781	-2.068026786
-0.260266	-2.010883929
-0.259998	-1.9533125
-0.259826	-1.895830357
-0.259406	-1.841026786
-0.259063	-1.779821429
-0.258719	-1.724267857
-0.258471	-1.669089286
-0.258089	-1.6128125
-0.257955	-1.557214286
-0.257497	-1.503732143
-0.257268	-1.449098214
-0.256905	-1.394651786
-0.256466	-1.347589286
-0.256313	-1.293723214
-0.255988	-1.239580357
-0.255607	-1.186267857
-0.255396	-1.132455357
-0.255129	-1.078741071
-0.254824	-1.027107143
-0.254537	-0.974330357
-0.254098	-0.915419643
-0.253869	-0.86218125
-0.253487	-0.812088393
-0.253239	-0.759096429
-0.252933	-0.708274107
-0.252494	-0.658040179
-0.252322	-0.605117857
-0.251959	-0.555719643
-0.251749	-0.513126786
-0.251272	-0.462674107
-0.251138	-0.412633036
-0.250718	-0.362173214
-0.250356	-0.312789286
-0.250222	-0.263728571
-0.249878	-0.215060714
-0.249496	-0.166847321
-0.249305	-0.103507143
-0.249019	-0.05698375
-0.248561	-0.011539464
-0.24837	0.034550982
-0.247988	0.083502946
-0.247587	0.129257143
-0.247339	0.177576786
-0.246957	0.2243625
-0.246766	0.263173214
-0.246537	0.310807143
-0.246002	0.35651875
-0.24583	0.402951786
-0.245525	0.450282143
-0.245105	0.49455
-0.244971	0.540211607
-0.244704	0.584958036
-0.244341	0.637058929
-0.244035	0.681988393
-0.243653	0.724625893
-0.243291	0.770447321
-0.243061	0.814391964
-0.242546	0.857942857
-0.242412	0.902098214
-0.242126	0.947544643
-0.241839	0.981107143
-0.241534	1.025223214
-0.241095	1.068133929
-0.240923	1.111053571
-0.240713	1.155357143
-0.240274	1.196544643
-0.239968	1.238276786
-0.239796	1.281669643
-0.239243	1.330607143
-0.239032	1.373303571
-0.238803	1.4134375
-0.238345	1.453910714
-0.238173	1.495892857
-0.237925	1.5371875
-0.237524	1.578160714
-0.237161	1.617696429
-0.236875	1.6510625
-0.236684	1.693
-0.236168	1.733794643
-0.236073	1.772633929
-0.235672	1.813205357
-0.2355	1.852160714
-0.235042	1.8918125
-0.234755	1.931223214
-0.234354	1.977776786
-0.233972	2.015125
-0.233877	2.052401786
-0.233591	2.091026786
-0.233266	2.130232143
-0.233018	2.168026786
-0.232674	2.206142857
-0.232178	2.242669643
-0.231967	2.271392857
-0.231796	2.309303571
-0.231356	2.347794643
-0.231108	2.383705357
-0.230803	2.422419643
-0.230478	2.4581875
-0.230364	2.494080357
-0.229924	2.529366071
-0.229466	2.580741071
-0.229256	2.6153125
-0.228836	2.650517857
-0.228511	2.685401786
-0.22832	2.720357143
-0.2279	2.754758929
-0.227595	2.79
-0.227308	2.825517857
-0.226984	2.851089286
-0.22685	2.886133929
-0.226373	2.9210625
-0.226144	2.9555
-0.225895	2.990651786
-0.22559	3.0228125
-0.225227	3.055330357
-0.225132	3.089401786
-0.224635	3.130830357
-0.224196	3.162053571
-0.224043	3.195410714
-0.223661	3.22675
-0.223222	3.261294643
-0.223146	3.294848214
-0.222688	3.326008929
-0.222439	3.3578125
-0.222172	3.380946429
-0.221752	3.414455357
-0.221523	3.446294643
-0.221332	3.478357143
-0.220874	3.5093125
-0.220683	3.540928571
-0.220377	3.571232143
-0.220052	3.603223214
-0.219671	3.6388125
-0.219346	3.668705357
-0.21904	3.699142857
-0.218697	3.729625
-0.218525	3.758821429
-0.218048	3.789901786
-0.217857	3.818151786
-0.217589	3.849
-0.217246	3.871116071
-0.216997	3.901705357
-0.216654	3.930401786
-0.216386	3.960491071
-0.216043	3.990258929
-0.215737	4.0190625
-0.215355	4.047044643
-0.215183	4.075366071
-0.21484	4.112348214
-0.214401	4.139526786
-0.214133	4.167642857
-0.213809	4.195714286
-0.213637	4.222071429
-0.213293	4.251517857
-0.212911	4.278696429
-0.212529	4.306982143
-0.212396	4.326089286
-0.211937	4.352964286
-0.21167	4.380544643
-0.211441	4.408169643
-0.211059	4.434508929
-0.210849	4.462776786
-0.210467	4.487821429
-0.210009	4.515875
-0.209875	4.557151786
-0.209531	4.580241071
-0.209264	4.606473214
-0.208825	4.632285714
-0.208672	4.658125
-0.208233	4.684267857
-0.208061	4.708508929
-0.207641	4.733321429
-0.207488	4.752321429
-0.207145	4.778517857
-0.206705	4.802767857
-0.206534	4.828080357
-0.206171	4.852080357
-0.205884	4.877964286
-0.205464	4.903375
-0.20535	4.926321429
-0.204777	4.958446429
-0.204586	4.982169643
-0.204357	5.006223214
-0.203975	5.030294643
-0.203765	5.053660714
-0.203287	5.077080357
-0.202848	5.101660714
-0.20281	5.125178571
-0.20239	5.140535714
-0.202199	5.164571429
-0.201874	5.185741071
-0.201588	5.211
-0.201168	5.234767857
-0.200843	5.255955357
-0.2005	5.278526786
-0.200251	5.301580357
-0.20008	5.328553571
-0.199736	5.350767857
-0.199373	5.372053571
-0.199125	5.39375
-0.198648	5.416133929
-0.198399	5.438544643
-0.19817	5.4611875
-0.19775	5.482732143
-0.197521	5.495285714
-0.197235	5.518794643
-0.196929	5.539669643
-0.196643	5.5615625
-0.196261	5.582053571
-0.195936	5.602160714
-0.195592	5.624473214
-0.195401	5.647089286
-0.194981	5.674803571
-0.194886	5.695696429
-0.194447	5.714785714
-0.194179	5.736410714
-0.193759	5.756366071
-0.193568	5.776214286
-0.193148	5.7956875
-0.192919	5.816830357
-0.192709	5.828482143
-0.192136	5.850303571
-0.191926	5.868464286
-0.191716	5.888651786
-0.191315	5.908776786
-0.191086	5.929294643
-0.190761	5.948473214
-0.190303	5.967580357
-0.19015	6.000723214
-0.189769	6.018910714
-0.189463	6.037651786
-0.189253	6.055053571
-0.188795	6.074178571
-0.188604	6.092107143
-0.188317	6.111589286
-0.187897	6.130339286
-0.187649	6.139616071
-0.187458	6.159035714
-0.187076	6.176919643
-0.186675	6.196151786
-0.186427	6.216419643
-0.185931	6.231785714
-0.185816	6.250401786
-0.185453	6.268491071
-0.185071	6.293696429
-0.184957	6.310017857
-0.184537	6.326196429
-0.184231	6.343339286
-0.18404	6.362410714
-0.183716	6.379267857
-0.1832	6.397428571
-0.1832	6.412803571
-0.182665	6.421910714
-0.182436	6.440705357
-0.182169	6.458598214
-0.181787	6.474375
-0.181482	6.491839286
-0.181214	6.507267857
-0.180928	6.525160714
-0.180641	6.541991071
-0.180279	6.561392857
-0.179839	6.5771875
-0.179591	6.595598214
-0.179419	6.610633929
-0.178866	6.627294643
-0.178751	6.641973214
-0.178445	6.658205357
-0.178083	6.676883929
-0.177739	6.683785714
-0.17751	6.699839286
-0.177204	6.715535714
-0.176975	6.730758929
-0.176536	6.747267857
-0.176192	6.764160714
-0.176059	6.779491071
-0.175619	6.79475
-0.17539	6.817455357
-0.175085	6.833044643
-0.17476	6.847
-0.17434	6.861678571
-0.17413	6.875910714
-0.173806	6.891741071
-0.173595	6.906392857
-0.173233	6.921375
-0.172965	6.927598214
-0.17266	6.9421875
-0.172316	6.959758929
-0.171953	6.9735
-0.171648	6.989
-0.171361	7.002866071
-0.170865	7.016491071
-0.170559	7.031053571
-0.170464	7.061294643
-0.170082	7.0740625
-0.169796	7.088446429
-0.16949	7.100633929
-0.169242	7.115428571
-0.168955	7.129142857
-0.168612	7.142991071
-0.168058	7.155571429
-0.167829	7.163348214
-0.167619	7.177866071
-0.167256	7.1914375
-0.167122	7.203625
-0.166626	7.217008929
-0.166511	7.231794643
-0.16611	7.246758929
-0.165709	7.259607143
-0.165404	7.279875
-0.165232	7.2920625
-0.164812	7.307741071
-0.164564	7.319946429
-0.164239	7.331598214
-0.163895	7.344267857
-0.163609	7.356982143
-0.163304	7.3716875
-0.163093	7.377294643
-0.162731	7.390142857
-0.16233	7.403035714
-0.162101	7.416205357
-0.161776	7.429107143
-0.161547	7.442178571
-0.161089	7.454473214
-0.160859	7.467383929
-0.160497	7.491642857
-0.160077	7.50225
-0.16	7.515357143
-0.159485	7.526419643
-0.159275	7.537821429
-0.158912	7.552017857
-0.158644	7.565214286
-0.158282	7.577035714
-0.158205	7.581107143
-0.157728	7.593008929
-0.157461	7.607053571