-0.157079	5.852535714
-0.15685	5.8806875
-0.156525	5.908580357
-0.156105	5.940071429
-0.155914	5.966758929
-0.155704	6.002348214
-0.155341	6.028008929
-0.154978	6.054678571
-0.15473	6.084910714
-0.154425	6.112482143
-0.153985	6.138848214
-0.153794	6.167571429
-0.15347	6.1945625
-0.153145	6.215446429
-0.152878	6.243383929
-0.152591	6.270401786
-0.152305	6.2978125
-0.151866	6.325241071
-0.151675	6.353071429
-0.151331	6.380803571
-0.150892	6.408419643
-0.150644	6.447348214
-0.150396	6.472714286
-0.149956	6.500267857
-0.149651	6.527946429
-0.149479	6.554758929
-0.149288	6.579955357
-0.148658	6.607508929
-0.148505	6.6363125
-0.148295	6.654955357
-0.147894	6.681705357
-0.147589	6.708089286
-0.14736	6.734044643
-0.146959	6.762785714
-0.146634	6.788303571
-0.146481	6.814732143
-0.146214	6.842642857
-0.145813	6.874830357
-0.145431	6.900875
-0.145126	6.925830357
-0.144858	6.952241071
-0.144476	6.980375
-0.144056	7.004285714
-0.143961	7.028910714
-0.143426	7.056267857
-0.143312	7.074767857
-0.143006	7.102616071
-0.142605	7.128160714
-0.142357	7.1539375
-0.142109	7.178723214
-0.141803	7.203651786
-0.141307	7.231160714
-0.141211	7.257517857
-0.140867	7.2859375
-0.140486	7.309080357
-0.140142	7.335053571
-0.140008	7.363133929
-0.139645	7.388589286
-0.139283	7.412830357
-0.139034	7.435973214
-0.138824	7.461428571
-0.138309	7.481732143
-0.138118	7.506991071
-0.13787	7.533589286
-0.137411	7.557723214
-0.13722	7.583714286
-0.136858	7.609776786
-0.136648	7.634223214
-0.136208	7.659035714
-0.136075	7.692464286
-0.135731	7.712866071
-0.135215	7.738794643
-0.13491	7.763008929
-0.134643	7.788625
-0.134318	7.813901786
-0.133802	7.837276786
-0.133841	7.862392857
-0.133516	7.879008929
-0.133039	7.905633929
-0.132867	7.932714286
-0.132542	7.955214286
-0.132237	7.9793125
-0.131817	8.001982143
-0.131683	8.026642857
-0.131167	8.053321429
-0.130919	8.088803571
-0.130747	8.111517857
-0.130404	8.133741071
-0.13006	8.157821429
-0.129697	8.185446429
-0.129468	8.207169643
-0.129162	8.232089286
-0.1288	8.2525
-0.128532	8.268589286
-0.128265	8.296392857
-0.127902	8.320482143
-0.127501	8.342267857
-0.12731	8.367008929
-0.127081	8.389901786
-0.126737	8.416089286
-0.12647	8.438375
-0.125993	8.468178571
-0.125535	8.489571429
-0.125382	8.513776786
-0.12521	8.537928571
-0.124694	8.561008929
-0.124446	8.584366071
-0.124179	8.607258929
-0.123816	8.630017857
-0.123606	8.645946429
-0.1233	8.667258929
-0.122899	8.691473214
-0.122728	8.716794643
-0.122441	8.739089286
-0.12204	8.762026786
-0.12183	8.783741071
-0.121486	8.808482143
-0.121219	8.835883929
-0.120875	8.857633929
-0.120379	8.879633929
-0.120112	8.901857143
-0.119921	8.924633929
-0.119462	8.948571429
-0.119042	8.970178571
-0.118985	8.991517857
-0.118699	9.006696429
-0.118183	9.030267857
-0.118107	9.055714286
-0.117839	9.076517857
-0.117362	9.097321429
-0.117076	9.119375
-0.113906	9.366071429
-0.113448	9.39
-0.11318	9.413928571
-0.112932	9.437232143
-0.112569	9.460714286
-0.112207	9.479375
-0.111786	9.500267857
-0.111595	9.519464286
-0.111309	9.560625
-0.110984	9.580446429
-0.110698	9.595625
-0.110259	9.619196429
-0.109972	9.641428571
-0.109686	9.661339286
-0.109552	9.683928571
-0.109094	9.707589286
-0.108789	9.72
-0.108464	9.741428571
-0.108178	9.762589286
-0.107872	9.785446429
-0.107681	9.805982143
-0.10728	9.827678571
-0.107013	9.850714286
-0.106555	9.870714286
-0.106459	9.900803571
-0.106096	9.92125
-0.105676	9.939285714
-0.105294	9.960446429
-0.105122	9.985267857
-0.104702	10.00758929
-0.10434	10.02258929
-0.104168	10.04392857
-0.104072	10.05714286
-0.103538	10.07892857
-0.103289	10.09857143
-0.103079	10.12303571
-0.102678	10.14053571
-0.102239	10.16321429
-0.102125	10.18553571
-0.101781	10.20410714
-0.101342	10.23089286
-0.101132	10.24785714
-0.10075	10.27053571
-0.100349	10.29089286
-0.100177	10.31089286
-0.0999669	10.329375
-0.0994705	10.35017857
-0.0993177	10.37392857
-0.0990695	10.38732143
-0.0987831	10.40758929
-0.0982866	10.42401786
-0.0980766	10.44866071
-0.0978283	10.46758929
-0.0974273	10.48758929
-0.0969882	10.50875
-0.096759	10.525625
-0.0966254	10.55276786
-0.0962244	10.57169643
-0.0958998	10.58991071
-0.0956516	10.61107143
-0.0953078	10.62848214
-0.0950405	10.64973214
-0.0948687	10.67205357
-0.094334	10.69071429
-0.0940858	10.70330357
-0.0937421	10.72410714
-0.0934939	10.74428571
-0.0930356	10.7675
-0.0927492	10.78473214
-0.0926919	10.80419643
-0.09231	10.82026786
-0.0919663	10.84116071
-0.091699	10.879375
-0.0912789	10.89348214
-0.0908206	10.91089286
-0.0904769	10.93071429
-0.090496	10.94866071
-0.0899805	10.97133929
-0.089675	10.98678571
-0.0893885	11.00803571
-0.0891212	11.02098214
-0.0887011	11.03785714
-0.0886248	11.059375
-0.0883765	11.07848214
-0.0878419	11.09758929
-0.0875937	11.11758929
-0.0872881	11.13616071
-0.0870208	11.15482143
-0.0866007	11.18133929
-0.0863525	11.19928571
-0.0861616	11.21919643
-0.0857033	11.23571429
-0.0853978	11.25705357
-0.0852068	11.27723214
-0.084634	11.29392857
-0.0846149	11.31401786
-0.0841948	11.32348214
-0.0839084	11.345
-0.0835074	11.36169643
-0.0832974	11.38116071
-0.0831255	11.40026786
-0.0826482	11.41723214
-0.0823427	11.43955357
-0.0820562	11.45571429
-0.0816552	11.48357143
-0.0812734	11.50241071
-0.0811206	11.51901786
-0.0808533	11.53821429
-0.0804523	11.55383929
-0.0801468	11.57357143
-0.0798222	11.59419643
-0.0795548	11.60928571
-0.0794021	11.62035714
-0.0790775	11.64053571
-0.0786956	11.65973214
-0.0783137	11.67830357
-0.0781419	11.695
-0.0778745	11.71419643
-0.077359	11.73026786
-0.0771871	11.75080357
-0.0767861	11.77696429
-0.0764997	11.79258929
-0.0760796	11.811875
-0.0759842	11.83080357
-0.0756214	11.84678571
-0.0752395	11.86589286
-0.0748576	11.88232143
-0.0746666	11.89901786
-0.0743229	11.9125
-0.0741511	11.93071429
-0.0737119	11.94919643
-0.0733873	11.96553571
-0.0730818	11.98428571
-0.0730436	12.00160714
-0.0725662	12.01741071
-0.0721844	12.0375
-0.0717834	12.06714286
-0.0716879	12.07955357
-0.071306	12.1025
-0.0708668	12.115625
-0.0706568	12.135
-0.0703704	12.15232143
-0.0699503	12.17008929
-0.0696448	12.18758929
-0.0695875	12.19589286
-0.0690147	12.21330357
-0.0687091	12.23
-0.0685564	12.24803571
-0.0681172	12.26955357
-0.0679263	12.28455357
-0.0675062	12.30089286
-0.0672007	12.31696429
-0.0667615	12.34410714
-0.0666469	12.35883929
-0.0663987	12.375625
-0.0658832	12.39214286
-0.0658641	12.41080357
-0.0654249	12.4275
-0.0651003	12.44357143
-0.0646802	12.45830357
-0.0645465	12.47116071
-0.0643174	12.48758929
-0.0638973	12.50571429
-0.0635536	12.51892857
-0.0633054	12.53821429
-0.0629426	12.55678571
-0.0627326	12.57223214
-0.0623889	12.58883929
-0.0620833	12.614375
-0.0617015	12.62491071
-0.0613959	12.643125
-0.0610141	12.66035714
-0.0607849	12.67741071
-0.060594	12.69151786
-0.0601739	12.70651786
-0.0597538	12.72714286
-0.059582	12.735
-0.0593146	12.75169643
-0.0590473	12.77026786
-0.0586081	12.78964286
-0.0582835	12.80508929
-0.0582072	12.82419643
-0.0577871	12.83910714
-0.0574243	12.85410714
-0.0570997	12.88044643
-0.0567751	12.89321429
-0.0564886	12.91178571
-0.0561449	12.92375
-0.0558776	12.94116071
-0.0554957	12.95580357
-0.0552284	12.97348214
-0.0550566	12.991875
-0.0546747	12.99767857
-0.054331	13.01625
-0.0541782	13.0325
-0.0538154	13.04741071
-0.053338	13.06535714
-0.053128	13.08178571
-0.0528607	13.09607143
-0.0523642	13.11258929
-0.0520205	13.14410714
-0.0519632	13.15517857
-0.051715	13.16991071
-0.0511422	13.18616071
-0.0510276	13.20357143
-0.0507412	13.21857143
-0.0502638	13.23517857
-0.0499583	13.24732143
-0.0496528	13.25732143
-0.0494809	13.27571429
-0.0491372	13.28776786
-0.0489081	13.30517857
-0.0485453	13.32
-0.0482016	13.33366071
-0.0479916	13.35508929
-0.0475715	13.36580357
-0.0471514	13.38660714
-0.0468841	13.39991071
-0.0467886	13.41883929
-0.0463494	13.43383929
-0.0460057	13.44633929
-0.0456239	13.46366071
-0.0454138	13.47973214
-0.0451083	13.49473214
-0.0447073	13.50410714
-0.0444209	13.51455357
-0.0442299	13.52955357
-0.0438481	13.54875
-0.0435234	13.56330357
-0.0432752	13.57741071
-0.0429315	13.59357143
-0.0425114	13.60857143
-0.0423014	13.62589286
-0.0419959	13.63901786
-0.0416904	13.65580357
-0.041423	13.67098214
-0.0411939	13.68678571
-0.040602	13.70294643
-0.0405638	13.716875
-0.040201	13.731875
-0.0398	13.73553571
-0.0395136	13.75285714
-0.0392845	13.77026786
-0.0390553	13.78348214
-0.0386352	13.79732143
-0.038387	13.8125
-0.0381579	13.82839286
-0.0376423	13.84544643
-0.0374705	13.86464286
-0.0370695	13.87633929
-0.0368022	13.89026786
-0.0364203	13.90616071
-0.0362293	13.92348214
-0.0360002	13.93375
-0.0354465	13.95116071
-0.0351791	13.96482143
-0.03495	13.97151786
-0.03474	13.98946429
-0.0344535	14.00196429
-0.0341098	14.01839286
-0.0337852	14.03535714
-0.0334606	14.04767857
-0.033136	14.06026786
-0.0327732	14.075625
-0.0324868	14.10714286
-0.0319903	14.12267857
-0.0318376	14.13303571
-0.0316276	14.14955357
-0.0313602	14.16133929
-0.0307874	14.17544643
-0.0308256	14.18991071
-0.0302146	14.20455357
-0.0299663	14.21223214
-0.0297372	14.22633929
-0.0294508	14.23866071
-0.0290116	14.25607143
-0.028687	14.26919643
-0.0285151	14.28133929
-0.0283624	14.294375
-0.0279041	14.31071429
-0.0277132	14.33160714
-0.0273504	14.344375
-0.0269112	14.36151786
-0.0265866	14.37375
-0.0262429	14.39116071
-0.0258992	14.40339286
-0.0256319	14.41651786
-0.0254982	14.429375
-0.0251545	14.43303571
-0.0247917	14.44732143
-0.0245626	14.46232143
-0.0242762	14.47178571
-0.0239134	14.48214286
-0.0235315	14.49821429
-0.0231687	14.50955357
-0.0230159	14.52517857
-0.0226722	14.54294643
-0.0224049	14.55383929
-0.0220994	14.56955357
-0.0215647	14.58116071
-0.0214693	14.59589286
-0.0210874	14.60910714
-0.0208391	14.62089286
-0.0205527	14.63464286
-0.0202281	14.64133929
-0.0199035	14.65410714
-0.0195598	14.66392857
-0.0192352	14.678125
-0.0190252	14.69178571
-0.0187005	14.70723214
-0.0182614	14.71794643
-0.0180322	14.73098214
-0.0178795	14.75241071
-0.0172875	14.76642857
-0.0170966	14.77678571
-0.0168675	14.78973214
-0.0164856	14.80258929
-0.0161419	14.81544643
-0.0158364	14.83133929
-0.0157218	14.83910714
-0.0151871	14.84482143
-0.0148816	14.85946429
-0.014748	14.87339286
-0.0142706	14.88776786
-0.0141179	14.89741071
-0.0137551	14.91026786
-0.0134495	14.92428571
-0.012934	14.93660714
-0.0128003	14.96508929
-0.0125139	14.97232143
-0.0120747	14.98508929
-0.011922	14.99964286
-0.011731	15.01339286
-0.0113301	15.02553571
-0.0109291	15.03473214
-0.0105854	15.04544643
-0.0103753	15.051875
-0.0100698	15.06848214
-0.00975	15.07973214
-0.00933	15.09017857
-0.00913	15.098125
-0.00881	15.11553571
-0.0085	15.126875
-0.00801	15.14169643
-0.00789	15.15705357
-0.00757	15.171875
-0.00724	15.18339286
-0.00688	15.195
-0.00658	15.20517857
-0.00616	15.215
-0.006	15.226875
-0.00553	15.240625
-0.00532	15.24473214
-0.0052	15.25625
-0.00465	15.27035714
-0.00446	15.28017857
-0.00417	15.29535714
-0.00384	15.30857143
-0.0036	15.3175
-0.00316	15.32875
-0.00297	15.35928571
-0.00236	15.37080357
-0.00218	15.38178571
-0.00192	15.39133929
-0.00159	15.40455357
-0.00127	15.41508929
-0.00113	15.42232143
-7.71E-4	15.43625
-4.46E-4	15.43955357
-8.34E-5	15.45392857
2.22E-4	15.468125
5.09E-4	15.47785714
7.76E-4	15.48892857
0.00116	15.49901786
0.00139	15.50776786
0.00167	15.52107143
0.00207	15.54
0.00234	15.55196429
0.00257	15.55848214
0.00282	15.57
0.00316	15.58401786
0.00366	15.595625
0.00404	15.604375
0.00419	15.61419643
0.00456	15.61848214
0.00479	15.63151786
0.00517	15.64401786
0.0053	15.65553571
0.00576	15.66491071
0.00597	15.67669643
0.00618	15.68410714
0.00662	15.69705357
0.00706	15.72
0.00744	15.726875
0.00755	15.740625
0.00788	15.74839286
0.00832	15.75830357
0.00855	15.76946429
0.0088	15.77901786
0.00925	15.78928571
0.00958	15.79321429
0.00965	15.80375
0.0100367	15.81491071
0.0103995	15.82339286
0.0107814	15.83366071
0.0109342	15.84196429
0.0113734	15.854375
0.0116598	15.86741071
0.0118889	15.88169643
0.0123472	15.89508929
0.01271	15.89991071
0.0127482	15.909375
0.0132446	15.92473214
0.0135119	15.93151786
0.013722	15.94366071
0.0139702	15.95053571
0.0144285	15.95303571
0.0146194	15.96883929
0.0148868	15.97383929
0.0153068	15.98821429
0.0155169	15.994375
0.0158224	16.005
0.0163188	16.01883929
0.0164716	16.02517857
0.0168344	16.04026786
0.0171399	16.04642857
0.0175218	16.05508929
0.0178273	16.06803571
0.0180183	16.07928571
0.0182856	16.08357143
0.0186102	16.09392857
0.0189348	16.10330357
0.0192021	16.10526786
0.019584	16.11375
0.0198895	16.12526786
0.0202905	16.13535714
0.0205387	16.14151786
0.0209206	16.15366071
0.0211689	16.16008929
0.0213407	16.17142857
0.0217417	16.18625
0.0221236	16.19616071
0.0221809	16.20330357
0.0226964	16.20991071
0.023021	16.22232143
0.0232311	16.23232143
0.0235175	16.24223214
0.0239185	16.25044643
0.0242049	16.24758929
0.024434	16.25964286
0.0249114	16.26946429
0.0251596	16.27714286
0.0254269	16.28571429
0.025637	16.29339286
0.0261334	16.30267857
0.0262289	16.31285714
0.0266681	16.33544643
0.0270691	16.34160714
0.0273746	16.34910714
0.027451	16.354375
0.0279283	16.36848214
0.0282911	16.376875
0.0285584	16.38607143
0.0288831	16.39017857
0.0292268	16.38767857
0.0294368	16.403125
0.0297232	16.41044643
0.0299905	16.41883929
0.030487	16.42741071
0.0306588	16.43383929
0.0309453	16.44276786
0.0312317	16.45008929
0.0317281	16.46982143
0.0319382	16.47348214
0.0322246	16.47651786
0.0325874	16.486875
0.0328165	16.49267857
0.033103	16.50267857
0.0334848	16.51133929
0.0338476	16.51875
0.0340577	16.51598214
0.0342486	16.52428571
0.034726	16.53544643
0.0350124	16.545
0.0352606	16.54732143
0.0357571	16.55776786
0.0359862	16.56375
0.0360817	16.57303571
0.0365018	16.58151786
0.036941	16.58964286
0.0370746	16.59419643
0.0374183	16.60321429
0.0377811	16.60669643
0.0380866	16.616875
0.038373	16.62258929
0.038564	16.63196429
0.0390223	16.62651786
0.0392132	16.63553571
0.0395569	16.64232143
0.0398433	16.64964286
0.040187	16.65848214
0.0404544	16.66160714
0.0409317	16.66839286
0.0410654	16.67973214
0.0415046	16.69125
0.0416764	16.69571429
0.0421729	16.70348214
0.0424975	16.71071429
0.0426311	16.71607143
0.0431085	16.72080357
0.0433185	16.73
0.0435477	16.73651786
0.0438532	16.73258929
0.0441778	16.74071429
0.0445788	16.74553571
0.0448843	16.75544643
0.0451898	16.76241071
0.0454762	16.76901786
0.0457817	16.76839286
0.0459918	16.77330357
0.0465646	16.79839286
0.0467746	16.80232143
0.0470229	16.80491071
0.0473666	16.81017857
0.0475957	16.81625
0.0480158	16.82383929
0.0483404	16.830625
0.0485886	16.83107143
0.0487223	16.83053571
0.049066	16.83571429
0.0495624	16.84241071
0.0497534	16.85107143
0.0499825	16.85303571
0.0503644	16.85696429
0.0507272	16.86383929
0.0509945	16.86839286
0.0513764	16.88125
0.0515674	16.88535714
0.0519684	16.88955357
0.0522166	16.89044643
0.052713	16.89803571
0.0530567	16.90553571
0.0530758	16.90776786
0.0535914	16.91178571
0.0538587	16.90669643
0.053916	16.91080357
0.0543743	16.91669643
0.0547753	16.92491071
0.0549471	16.92973214
0.0551381	16.93553571
0.0557491	16.93785714
0.0559591	16.94178571
0.0561119	16.94785714
0.0565129	16.95
0.0570857	16.95785714
0.0572957	16.96205357
0.0574485	16.96598214
0.0578113	16.96910714
0.0580213	16.97151786
0.0584223	16.97803571
0.0584987	16.97428571
0.0590142	16.97928571
0.0592816	16.98017857
0.059568	16.98419643
0.0599881	16.98732143
0.0602363	16.98830357
0.0605991	16.99339286
0.0608473	16.99508929
0.0611528	17.00508929
0.0613629	17.00794643
0.061802	17.01169643
0.0621839	17.01571429
0.062394	17.01598214
0.0626422	17.01723214
0.063005	17.02410714
0.0634824	17.02196429
0.0635015	17.01973214
0.0638643	17.02107143
0.0642271	17.02303571
0.0644944	17.02803571
0.0648381	17.03294643
0.0651245	17.03553571
0.0655637	17.03446429
0.0655828	17.03607143
0.0660601	17.05741071
0.0665375	17.05696429
0.0667093	17.05839286
0.0669958	17.06375
0.0673204	17.06008929
0.0675495	17.06375
0.0678168	17.06142857
0.0682178	17.06375
0.0686188	17.06196429
0.0688288	17.05821429
0.0690198	17.06080357
0.0694017	17.06214286
0.0697836	17.06482143
0.0699936	17.06910714
0.0703755	17.07276786
0.0707574	17.07366071
0.0709483	17.08044643
0.0712729	17.07901786
0.071693	17.0825
0.0719794	17.08160714
0.0722659	17.08357143
0.0726096	17.08303571
0.0729533	17.08151786
0.0731633	17.085625
0.0734688	17.07651786
0.0739271	17.08125
0.0741562	17.07883929
0.074309	17.079375
0.0747672	17.07991071
0.0749773	17.08098214
0.0752637	17.07767857
0.0755501	17.07669643
0.0759511	17.08705357
0.076333	17.08741071
0.0765621	17.08651786
0.076944	17.08723214
0.0772495	17.08044643
0.0774787	17.08455357
0.0778224	17.08428571
0.0782806	17.08428571
0.0782997	17.07473214
0.0786434	17.07919643
0.0789871	17.07857143
0.0792927	17.07973214
0.0795982	17.07482143
0.0799228	17.07348214
0.0803619	17.07401786
0.0804956	17.071875
0.0807629	17.07660714
0.0811639	17.07151786
0.0814885	17.07464286
0.0817558	17.07419643
0.0820995	17.06892857
0.0825005	17.06678571
0.0828061	17.0625
0.0830925	17.06544643
0.0833407	17.056875
0.083608	17.05303571
0.0838372	17.05303571
0.0841809	17.04857143
0.0845246	17.04875
0.0848301	17.04964286
0.085021	17.04660714
0.0855748	17.040625
0.085823	17.05508929
0.0861094	17.04848214
0.0864722	17.04651786
0.086835	17.044375
0.0870068	17.03857143
0.0873887	17.03473214
0.0877133	17.03223214
0.0879234	17.03267857
0.0881525	17.01714286
0.0886872	17.01714286
0.0888972	17.01598214
0.0890881	17.01089286
0.08947	17.00714286
0.0897565	17.00223214
0.0900811	16.99669643
0.0904248	16.99821429
0.090883	16.99848214
0.0910358	16.99410714
0.0914177	16.98821429
0.0917041	16.98482143
0.0920096	16.98232143
0.0923151	16.97803571
0.0926397	16.97330357
0.0929834	16.96508929
0.0931171	16.95169643
0.0934799	16.95241071
0.0938618	16.94419643
0.0941864	16.94508929
0.0945301	16.93410714
0.0947401	16.93205357
0.095122	16.93026786
0.0954084	16.9175
0.0956758	16.91928571
0.0960195	16.91276786
0.0962868	16.90705357
0.0965541	16.90142857
0.0968596	16.89830357
0.097337	16.89
0.0974516	16.88151786
0.0976616	16.875
0.0981963	16.86696429
0.0984063	16.85669643
0.0987118	16.853125
0.09896	16.84205357
0.0994183	16.83767857
0.0994947	16.83625
0.100029	16.82625
0.100316	16.82017857
0.100526	16.81964286
0.100889	16.8125
0.10127	16.80482143
0.101557	16.79776786
0.101691	16.79366071
0.102168	16.78339286
0.102378	16.77446429
0.102569	16.76642857
0.102989	16.74892857
0.10339	16.74428571
0.1036	16.73669643
0.103886	16.72857143
0.104307	16.72080357
0.10465	16.71178571
0.104822	16.70285714
0.105128	16.70017857
0.105605	16.70339286
0.105758	16.69232143
0.106178	16.679375
0.106464	16.67107143
0.106693	16.66169643
0.107075	16.65321429
0.107495	16.64580357
0.107667	16.63151786
0.107934	16.61526786
0.108259	16.60982143
0.108641	16.60098214
0.108756	16.58973214
0.109157	16.58026786
0.1095	16.57035714
0.109748	16.56142857
0.110111	16.55357143
0.110436	16.5475
0.110951	16.535
0.111085	16.52401786
0.111295	16.51839286
0.111601	16.50758929
0.111983	16.49616071
0.112154	16.48669643
0.112574	16.47401786
0.113014	16.45580357
0.113185	16.44491071
0.113472	16.43401786
0.113854	16.42589286
0.114159	16.41258929
0.114408	16.40383929
0.11477	16.38732143
0.114961	16.37848214
0.11542	16.37214286
0.115744	16.35919643
0.116088	16.34491071
0.116336	16.33366071
0.116508	16.32142857
0.116966	16.3125
0.117176	16.29642857
0.117501	16.28392857
0.117749	16.259375
0.118169	16.24919643
0.118475	16.24241071
0.118608	16.22955357
0.119143	16.211875
0.119372	16.20205357
0.119601	16.18839286
0.12004	16.18258929
0.120346	16.17285714
0.120422	16.15714286
0.120709	16.14142857
0.121205	16.13544643
0.121453	16.12125
0.121759	16.10178571
0.12216	16.09133929
0.122465	16.07723214
0.122561	16.05392857
0.122962	16.04303571
0.123477	16.026875
0.123554	16.01758929
0.123859	16.00026786
0.124356	15.98571429
0.124661	15.97267857
0.124814	15.95758929
0.12512	15.95669643
0.125482	15.9425
0.125826	15.92758929
0.126151	15.91107143
0.126342	15.89339286
0.126762	15.87982143
0.127029	15.86607143
0.12743	15.85169643
0.127869	15.82348214
0.128022	15.81133929
0.128022	15.79482143
0.128576	15.785625
0.12911	15.76589286
0.12911	15.753125
0.129339	15.73732143
0.129893	15.71901786
0.130199	15.71571429
0.130485	15.69901786
0.130848	15.67866071
0.131077	15.66392857
0.131287	15.64919643
0.13165	15.635625
0.131994	15.61767857
0.13228	15.60098214
0.132605	15.57741071
0.133006	15.56098214
0.133139	15.54660714
0.133445	15.52928571
0.133808	15.51008929
0.134285	15.49580357
0.134514	15.47696429
0.134571	15.46294643
0.135087	15.44785714
0.135545	15.43223214
0.135564	15.41651786
0.135927	15.39955357
0.136309	15.38053571
0.136729	15.36116071
0.13692	15.34392857
0.137225	15.33035714
0.137607	15.30375
0.137626	15.28883929
0.138047	15.26785714
0.138543	15.251875
0.138696	15.23848214
0.138906	15.21919643
0.13946	15.199375
0.139631	15.18214286
0.139899	15.17375
0.140281	15.15625
0.140701	15.13848214
0.140853	15.11964286
0.141235	15.09732143
0.141484	15.07875
0.141694	15.06151786
0.142018	15.044375
0.142362	15.01544643
0.142706	14.99892857
0.143088	14.98035714
0.143183	14.96241071
0.143699	14.94473214
0.143966	14.92589286
0.144271	14.90294643
0.144596	14.89053571
0.144921	14.88776786
0.145207	14.86321429
0.145245	14.84526786
0.145933	14.82607143
0.146295	14.80517857
0.146334	14.7875
0.146715	14.76955357
0.14725	14.7525
0.147422	14.72196429
0.147575	14.70455357
0.148109	14.68526786
0.148377	14.66875
0.148529	14.64883929
0.148969	14.63080357
0.149198	14.60839286
0.149331	14.59294643
0.149752	14.57892857
0.150095	14.55910714
0.150439	14.54026786
0.150744	14.51660714
0.15105	14.49642857
0.151413	14.47642857
0.151814	14.45955357
0.151947	14.44205357
0.15231	14.41089286
0.152597	14.39839286
0.152921	14.37473214
0.153189	14.35625
0.153685	14.340625
0.15378	14.313125
0.15422	14.29598214
0.154372	14.27410714
0.154773	14.266875
0.155117	14.2475
0.155251	14.22642857
0.155785	14.20473214
0.156072	14.18633929
0.156225	14.16464286
0.156568	14.14830357
0.156931	14.12401786
0.157179	14.09669643
0.15758	14.07839286
0.157809	14.05910714
0.158153	14.04232143
0.15842	14.019375
0.158707	13.99919643
0.159108	13.98044643
0.159413	13.960625
0.1597	13.95026786
0.160063	13.92678571
0.16033	13.90642857
0.160578	13.88535714
0.161017	13.86607143
0.161208	13.84446429
0.161495	13.82125
0.161628	13.80526786
0.162373	13.77883929
0.162545	13.76098214
0.162679	13.738125
0.162946	13.71758929
0.163404	13.69767857
0.163557	13.68169643
0.163901	13.658125
0.164225	13.64151786
0.164722	13.63232143
0.164893	13.60919643
0.165409	13.58839286
0.165676	13.56732143
0.165715	13.54553571
0.166211	13.52553571
0.166574	13.50366071
0.166879	13.485
0.167051	13.45294643
0.16749	13.43616071
0.167662	13.41785714
0.168025	13.39857143
0.168273	13.37955357
0.168674	13.35330357
0.168961	13.33491071
0.169247	13.31625
0.169533	13.30321429
0.169915	13.28142857
0.170183	13.25633929
0.17045	13.23758929
0.170927	13.21910714
0.171118	13.19794643
0.171347	13.17866071
0.171596	13.155
0.172092	13.12651786
0.172283	13.11392857
0.172493	13.088125
0.17297	13.07
0.173314	13.04991071
0.173524	13.02910714
0.173887	13.01223214
0.174173	12.99214286
0.174422	12.97455357
0.174708	12.95169643
0.175205	12.93008929
0.175338	12.91294643
0.175682	12.89133929
0.176007	12.87339286
0.176408	12.85026786
0.17656	12.82821429
0.17698	12.801875
0.177286	12.78375
0.177553	12.76392857
0.17784	12.74321429
0.178221	12.72383929
0.178489	12.70678571
0.178775	12.68241071
0.179157	12.66419643
0.179501	12.65455357
0.179692	12.62919643
0.180035	12.613125
0.180284	12.58991071
0.180627	12.57008929
0.180952	12.55053571
0.1812	12.52839286
0.181448	12.51142857
0.181849	12.47866071
0.182136	12.46232143
0.182441	12.44455357
0.182766	12.42339286
0.183091	12.40785714
0.183282	12.38517857
0.183759	12.36205357
0.183893	12.34517857
0.184274	12.33910714
0.184618	12.31883929
0.185057	12.295
0.185267	12.27607143
0.185497	12.25803571
0.185859	12.23973214
0.186165	12.22008929
0.186547	12.19982143
0.186986	12.17151786
0.187024	12.15455357
0.187368	12.13267857
0.187711	12.11767857
0.188074	12.09580357
0.18838	12.07401786
0.188666	12.05892857
0.188972	12.04035714
0.189373	12.02839286
0.189602	12.00428571
0.189812	11.98223214
0.190232	11.96696429
0.190633	11.94830357
0.190767	11.92651786
0.19111	11.9125
0.191454	11.89178571
0.191607	11.86508929
0.19197	11.843125
0.192294	11.82732143
0.192676	11.81133929
0.192943	11.79267857
0.193268	11.77160714
0.193669	11.75366071
0.193974	11.73348214
0.194261	11.72455357
0.194452	11.69973214
0.1947	11.68491071
0.195101	11.66544643
0.195483	11.64598214
0.19575	11.63071429
0.196075	11.60866071
0.196266	11.59401786
0.196629	11.56133929
0.197049	11.5475
0.197221	11.530625
0.197507	11.51196429
0.197889	11.49535714
0.198233	11.47339286
0.198519	11.45830357
0.198844	11.44178571
0.199187	11.42982143
0.199493	11.41008929
0.19976	11.39116071
0.200104	11.37241071
0.200295	11.36080357
0.200677	11.33758929
0.201001	11.32196429
0.201192	11.30571429
0.20144	11.27714286
0.201861	11.26223214
0.202204	11.244375
0.202433	11.22732143
0.202758	11.20883929
0.202987	11.19267857
0.203388	11.17544643
0.203846	11.15473214
0.204076	11.15375
0.204438	11.13223214
0.204687	11.11857143
0.204897	11.10321429
0.20524	11.07848214
0.205622	11.06544643
0.205851	11.05098214
0.206271	11.03205357
0.20652	11.00544643
0.206863	10.990625
0.207169	10.97339286
0.207436	10.95821429
0.20778	10.94035714
0.20799	10.92366071
0.208238	10.904375
0.208792	10.888125
0.208887	10.88455357
0.209269	10.86607143
0.209537	10.84535714
0.209804	10.829375
0.210128	10.81616071
0.21051	10.80214286
0.210797	10.77946429
0.211255	10.76910714
0.211293	10.73946429
0.211561	10.72928571
0.212229	10.71455357
0.212324	10.69616071
0.212477	10.68303571
0.213203	10.66794643
0.21326	10.65178571
0.213565	10.63848214
0.213909	10.62258929
0.214215	10.60642857
0.214501	10.59276786
0.21473	10.57651786
0.215055	10.56089286
0.215513	10.54178571
0.215666	10.5325
0.21601	10.51580357
0.216334	10.49375
0.216659	10.48241071
0.216907	10.46107143
0.217327	10.44830357
0.217575	10.43830357
0.217881	10.41919643
0.21811	10.4075
0.218492	10.39133929
0.218683	10.38383929
0.219027	10.37258929
0.219408	10.35232143
0.219733	10.33767857
0.220039	10.32116071
0.220306	10.31160714
0.22063	10.29696429
0.220993	10.27928571
0.221165	10.25839286
0.221623	10.24580357
0.221986	10.22901786
0.222063	10.22017857
0.222483	10.20241071
0.222788	10.19276786
0.223036	10.17455357
0.223418	10.16160714
0.223781	10.16785714
0.224125	10.145625
0.224201	10.13258929
0.224774	10.12107143
0.225041	10.10473214
0.225404	10.09464286
0.225614	10.07464286
0.225977	10.06357143
0.226187	10.04232143
0.226435	10.03196429
0.226932	10.02035714
0.227161	10.00375
0.227447	9.993928571
0.227753	9.982857143
0.228249	9.964375
0.228192	9.955357143
0.228707	9.947410714
0.229013	9.932053571
0.22928	9.922053571
0.229471	9.906964286
0.229834	9.895625
0.230254	9.883571429
0.230369	9.866339286
0.230865	9.859107143
0.230999	9.836160714
0.231438	9.828660714
0.231743	9.812321429
0.231934	9.801607143
0.232374	9.792321429
0.232755	9.777678571
0.232851	9.766160714
0.233309	9.755267857
0.233672	9.753839286
0.233806	9.742053571
0.234245	9.724553571
0.234589	9.713125
0.234799	9.703928571
0.235009	9.690089286
0.235581	9.678392857
0.235811	9.665803571
0.236021	9.648125
0.236422	9.640357143
0.236765	9.629375
0.236861	9.616785714
0.237319	9.605714286
0.237644	9.595714286
0.237911	9.585982143
0.238159	9.569732143
0.238637	9.572321429
0.238904	9.554107143
0.239133	9.542767857
0.239477	9.538928571
0.23984	9.524017857
0.240069	9.513303571
0.240355	9.499642857
0.240699	9.486964286
0.241062	9.473303571
0.241233	9.461517857
0.241692	9.45375
0.24194	9.442410714
0.242207	9.430089286
0.242456	9.424107143
0.242857	9.409196429
0.243028	9.404553571
0.243448	9.40875
0.243678	9.391607143
0.244079	9.383839286
0.244422	9.370803571
0.244613	9.362857143
0.244938	9.348839286
0.24532	9.340535714
0.245492	9.330892857
0.245969	9.312946429
0.246255	9.304910714
0.246332	9.297946429
0.246866	9.287232143
0.247248	9.278482143
0.247516	9.265714286
0.247745	9.256160714
0.248184	9.255178571
0.248566	9.249375
0.248699	9.236964286
0.248909	9.225357143
0.249406	9.21875
0.249521	9.211071429
0.249979	9.203035714
0.25017	9.192321429
0.250647	9.181875
0.250933	9.164017857
0.251163	9.160625
0.251697	9.149017857
0.251716	9.142678571
0.251946	9.13
0.25227	9.124732143
0.252633	9.115
0.252977	9.108839286
0.25332	9.105089286
0.253664	9.093928571
0.253874	9.086875
0.254199	9.078839286
0.254428	9.067321429
0.254791	9.063125
0.255039	9.051785714
0.25544	9.044285714
0.255784	9.027767857
0.25607	9.020803571
0.25628	9.014642857
0.256624	9.007946429
0.256967	8.998392857
0.257158	8.994464286
0.257483	8.980625
0.257865	8.97625
0.258247	8.97875
0.258495	8.966875
0.258896	8.959375
0.259316	8.945625
0.259469	8.941964286
0.259774	8.938571429
0.260175	8.929464286
0.260328	8.922794643
0.260519	8.904339286
0.261015	8.900276786
0.261321	8.894973214
0.261588	8.886071429
0.261951	8.881205357
0.262237	8.873625
0.262448	8.864526786
0.262638	8.859142857
0.263135	8.869758929
0.263631	8.857857143
0.263727	8.847080357
0.264032	8.841857143
0.264472	8.837348214
0.264758	8.828919643
0.264987	8.824419643
0.265293	8.811821429
0.265675	8.798035714
0.265846	8.798830357
0.26619	8.792169643
0.266629	8.785294643
0.26682	8.776
0.266992	8.771419643
0.267508	8.769642857
0.267737	8.759508929
0.268061	8.764598214
0.26829	8.749955357
0.268863	8.749473214
0.269073	8.742044643
0.26936	8.73275
0.269646	8.730330357
0.269971	8.726991071
0.270219	8.718178571
0.27041	8.705080357
0.271021	8.702401786
0.271174	8.693973214
0.271403	8.691660714
0.27167	8.6845625
0.272128	8.681464286
0.272358	8.671660714
0.272663	8.668616071
0.273045	8.669491071
0.273351	8.659714286
0.273522	8.6565625
0.273904	8.648169643
0.27421	8.643669643
0.274363	8.638741071
0.274802	8.634303571
0.275126	8.630133929
0.275565	8.615571429
0.275527	8.610919643
0.2761	8.614401786
0.276291	8.603383929
0.276616	8.601973214
0.276864	8.593544643
0.27736	8.589651786
0.277589	8.586205357
0.277914	8.589419643
0.278315	8.581955357
0.278525	8.575803571
0.278735	8.572705357
0.279174	8.570616071
0.279652	8.563473214
0.279747	8.556446429
0.280148	8.555642857
0.280454	8.540089286
0.280587	8.542526786
0.28095	8.536357143
0.281389	8.532107143
0.281599	8.531991071
0.281867	8.525625
0.282306	8.520089286
0.282497	8.513964286
0.282802	8.525776786
0.283127	8.523044643
0.283509	8.5136875
0.283852	8.512696429
0.283986	8.5046875
0.284406	8.502955357
0.284597	8.502723214
0.284922	8.49225
0.285342	8.481758929
0.285724	8.479455357
0.285915	8.476875
0.286201	8.474714286
0.286526	8.4696875
0.286774	8.468455357
0.287232	8.461366071
0.287442	8.458026786
0.28792	8.468758929
0.288206	8.457142857
0.28834	8.458026786
0.288645	8.453160714
0.289084	8.445973214
0.289409	8.446089286
0.289543	8.442214286
0.290096	8.43775
0.290211	8.423232143
0.290402	8.42475
0.290841	8.423491071
0.291166	8.420071429
0.291452	8.419214286
0.291815	8.4194375
0.29214	8.412464286
0.292426	8.412883929
0.292521	8.409946429
0.29298	8.406705357
0.293285	8.410035714
0.293572	8.4000625
0.294011	8.399080357
0.294278	8.391178571
0.294584	8.393392857
0.294775	8.392598214
0.295252	8.377919643
0.295462	8.37975
0.295691	8.376642857
0.296035	8.376866071
0.296398	8.376642857
0.296703	8.370142857
0.29678	8.370803571
0.297371	8.365839286
0.297524	8.372089286
0.297811	8.369625
0.298154	8.365982143
0.298689	8.364776786
0.298899	8.361714286
0.299185	8.355982143
0.299529	8.360526786
0.299911	8.35525
0.299987	8.344339286
0.300427	8.343267857
0.300618	8.343964286
0.300961	8.341991071
0.301267	8.339821429
0.301572	8.338919643
0.302069	8.335169643
0.302145	8.332892857
0.302565	8.349723214
0.302947	8.343339286
0.303138	8.341571429
0.30352	8.342330357
0.30394	8.339080357
0.304035	8.337669643
0.304379	8.333571429
0.304723	8.336232143
0.305047	8.325276786
0.305257	8.323008929
0.305563	8.322321429
0.30604	8.31925
0.306346	8.321330357
0.306556	8.3231875
0.306957	8.317294643
0.307339	8.317803571
0.307472	8.31925
0.307835	8.321330357
0.308217	8.318678571
0.308446	8.320169643
0.30879	8.315607143
0.308981	8.3166875
0.309401	8.314321429
0.309592	8.314964286
0.309955	8.302044643
0.310356	8.301767857
0.310738	8.304035714
0.31089	8.302982143
0.31133	8.303553571
0.31152	8.303035714
0.311845	8.3034375
0.311998	8.299375
0.31238	8.311473214
0.312647	8.310339286
0.312838	8.307446429
0.313411	8.309089286
0.313621	8.306205357
0.313926	8.308410714
0.314346	8.304044643
0.31469	8.303357143
0.314786	8.296651786
0.315206	8.299946429
0.315473	8.294866071
0.315855	8.299723214
0.316008	8.296928571
0.316409	8.299303571
0.316829	8.298892857
0.317039	8.296178571
0.317421	8.305258929
0.317745	8.298741071
0.317898	8.300517857
0.318299	8.302151786
0.318776	8.301901786
0.318948	8.300517857
0.319158	8.300089286
0.319483	8.302526786
0.319808	8.294758929
0.320037	8.295758929
0.320399	8.296616071
0.320743	8.295508929
0.320991	8.294946429
0.321335	8.298133929
0.321641	8.295473214
0.321889	8.297071429
0.322328	8.310821429
0.3225	8.308330357
0.322863	8.309044643
0.323321	8.307339286
0.323531	8.310526786
0.323722	8.307839286
0.324199	8.308142857
0.324257	8.309919643
0.324619	8.299241071
0.325116	8.306285714
0.325383	8.307723214
0.325536	8.303107143
0.326166	8.306928571
0.3263	8.307589286
0.326643	8.305830357
0.32693	8.310258929
0.327235	8.31825
0.327541	8.315830357
0.327713	8.3125625
0.328152	8.320303571
0.328476	8.321669643
0.328629	8.318285714
0.329011	8.31925
0.329546	8.318607143
0.329584	8.311098214
0.330004	8.315491071
0.330214	8.317008929
0.330634	8.320232143
0.330959	8.3203125
0.33136	8.320875
0.331551	8.3231875
0.331818	8.324892857
0.332009	8.329901786
0.332505	8.327348214
0.332677	8.329401786
0.333078	8.334901786
0.333346	8.331901786
0.333727	8.331758929
0.333976	8.331616071
0.334224	8.336535714
0.334587	8.330848214
0.33493	8.333178571
0.33514	8.334107143
0.335408	8.336303571
0.335904	8.3361875
0.336191	8.341616071
0.336382	8.3391875
0.336687	8.344455357
0.337088	8.3534375
0.33726	8.3521875
0.33768	8.355830357
0.338081	8.354214286
0.338348	8.358258929
0.338597	8.362464286
0.338978	8.355741071
0.339188	8.362348214
0.339494	8.353258929
0.339838	8.357080357
0.340124	8.365151786
0.340353	8.3638125
0.340678	8.365758929
0.341193	8.365303571
0.341384	8.367089286
0.341556	8.377205357
0.341995	8.389080357
0.342339	8.383883929
0.342606	8.385598214
0.34274	8.389267857
0.343217	8.396053571
0.343599	8.3933125
0.343867	8.397303571
0.344115	8.397258929
0.344382	8.3888125
0.344669	8.396276786
0.344955	8.392705357
0.345509	8.402946429
0.345642	8.400705357
0.345833	8.402839286
0.346234	8.407875
0.346635	8.410017857
0.346884	8.420232143
0.347151	8.419285714
0.347724	8.421714286
0.347915	8.425464286
0.348258	8.425508929
0.348449	8.427366071
0.34885	8.4358125
0.349099	8.432473214
0.34948	8.425955357
0.349729	8.434
0.349958	8.437375
0.350244	8.440741071
0.350664	8.441642857
0.350932	8.442491071
0.351275	8.446375
0.351524	8.451696429
0.351982	8.457616071
0.352268	8.461223214
0.352421	8.460419643
0.352746	8.460660714
0.353051	8.4653125
0.353376	8.4699375
0.353662	8.474482143
0.353987	8.475848214
0.354292	8.467017857
0.354502	8.476526786
0.354827	8.479982143
0.35519	8.485178571
0.355648	8.486571429
0.355763	8.487455357
0.356125	8.492866071
0.356374	8.497080357
0.356775	8.508883929
0.356889	8.505116071
0.357405	8.507
0.357653	8.514401786
0.357939	8.515464286
0.358226	8.520401786
0.358589	8.524982143
0.358894	8.528428571
0.35918	8.520008929
0.359601	8.528883929
0.359963	8.530526786
0.360021	8.533276786
0.360479	8.538133929
0.360746	8.537705357
0.360975	8.5430625
0.3613	8.545205357
0.36193	8.568232143
0.361949	8.567169643
0.362312	8.567205357
0.362637	8.570053571
0.362923	8.5738125
0.363305	8.578357143
0.36361	8.5859375
0.36384	8.585116071
0.364241	8.581651786
0.364489	8.583303571
0.364756	8.591848214
0.3651	8.596285714
0.365405	8.598482143
0.365654	8.601285714
0.365959	8.602714286
0.366341	8.608982143
0.36657	8.624678571
0.366876	8.620517857
0.367257	8.626616071
0.367487	8.627553571
0.367792	8.632142857
0.368193	8.638741071
0.368518	8.640133929
0.368728	8.647919643
0.368938	8.633767857
0.369282	8.645714286
0.369606	8.649169643
0.36995	8.6543125
0.370389	8.658946429
0.37058	8.664598214
0.370828	8.667035714
0.371172	8.672633929
0.371592	8.681821429
0.371783	8.681008929
0.372222	8.688741071
0.372566	8.691598214
0.372738	8.695875
0.372986	8.700196429
0.373425	8.700955357
0.373788	8.710544643
0.374017	8.702366071
0.374284	8.709973214
0.374743	8.713598214
0.374933	8.7185
0.375239	8.728321429
0.375544	8.729732143
0.375965	8.7346875
0.37606	8.736696429
0.376557	8.753232143
0.376786	8.757285714
0.376977	8.756026786
0.37732	8.761678571
0.37774	8.762776786
0.37797	8.769642857
0.378218	8.775366071
0.378523	8.778455357
0.379039	8.776348214
0.379115	8.779946429
0.379459	8.786553571
0.379841	8.796107143
0.380242	8.797642857
0.380395	8.803044643
0.380681	8.803330357
0.381216	8.813241071
0.381464	8.838526786
0.381578	8.834357143
0.382113	8.837044643
0.382419	8.84675
0.382514	8.847758929
0.38303	8.852401786
0.383335	8.853339286
0.383507	8.860321429
0.383793	8.860357143
0.384366	8.863428571
0.384462	8.871848214
0.384805	8.874732143
0.38513	8.879196429
0.385569	8.888071429
0.385741	8.8904375
0.385932	8.895616071
0.386352	8.908848214
0.386696	8.913848214
0.386944	8.922607143
0.387326	8.921642857
0.387536	8.928142857
0.387994	8.930892857
0.388032	8.936517857
0.388567	8.947857143
0.388815	8.938482143
0.389178	8.944642857
0.389331	8.95
0.38977	8.957142857
0.390095	8.969107143
0.390228	8.969375
0.390763	8.978392857
0.390896	8.977321429
0.391126	8.998571429
0.391603	9.00125
0.39208	9.002678571
0.392214	9.010803571
0.392329	9.014821429
0.39294	9.020625
0.393188	9.024107143
0.393417	9.033482143
0.393665	9.026160714
0.394085	9.038928571
0.394257	9.039910714
0.394696	9.048392857
0.394868	9.05375
0.395307	9.056160714
0.395556	9.064553571
0.395766	9.069196429
0.396167	9.085803571
0.396453	9.089464286
0.39672	9.096875
0.397217	9.103839286
0.397561	9.106785714
0.397656	9.113660714
0.397981	9.118035714
0.398305	9.121517857
0.398649	9.123035714
0.398897	9.129553571
0.399298	9.133660714
0.39947	9.134732143
0.399279	8.922375
0.399126	8.790142857
0.39842	8.6640625
0.398534	8.559321429
0.398076	8.445839286
0.397656	8.339607143
0.397465	8.241946429
0.397217	8.137625
0.396797	8.040428571
0.396377	7.947857143
0.396224	7.861196429
0.395804	7.762482143
0.395498	7.677330357
0.395212	7.594196429
0.395002	7.512214286
0.394696	7.4308125
0.394334	7.355696429
0.39399	7.276258929
0.393799	7.197553571
0.393398	7.135419643
0.392978	7.055017857
0.392596	6.987714286
0.3925	6.915330357
0.392023	6.84125
0.391947	6.775294643
0.391718	6.705464286
0.391183	6.636616071
0.390782	6.561633929
0.390706	6.497
0.390381	6.437205357
0.389999	6.372473214
0.389789	6.305785714
0.389484	6.249669643
0.388968	6.185089286
0.388815	6.126732143
0.388491	6.078258929
0.388109	6.012785714
0.387822	5.9541875
0.387498	5.895767857
0.387364	5.841526786
0.386944	5.778589286
0.386447	5.723205357
0.386371	5.670580357
0.385989	5.606401786
0.385626	5.556285714
0.385397	5.502571429
0.385111	5.448169643
0.384748	5.397142857
0.384462	5.344339286
0.384118	5.296633929
0.383908	5.2411875
0.383602	5.202142857
0.38322	5.150491071
0.383068	5.097169643
0.38259	5.052366071
0.382419	5.0008125
0.382075	4.950883929
0.38175	4.906160714
0.381292	4.855919643
0.381101	4.7923125
0.380853	4.753125
0.38028	4.707428571
0.380032	4.6609375
0.379936	4.617053571
0.379593	4.571794643
0.379115	4.528303571
0.378886	4.4841875
0.378791	4.452035714
0.378275	4.405830357
0.378008	4.356776786
0.37774	4.317446429
0.37732	4.277241071
0.376919	4.231366071
0.376805	4.189214286
0.376499	4.143651786
0.376175	4.099267857
0.375907	4.060169643
0.375564	4.022821429
0.375296	3.981098214
0.374914	3.935946429
0.374609	3.9013125
0.374322	3.860357143
0.374036	3.8241875
0.373616	3.795035714
0.373501	3.750267857
0.372967	3.716330357
0.372642	3.675321429
0.372413	3.641410714
0.372165	3.5989375
0.368747	3.210357143
0.368384	3.173785714
0.368346	3.138464286
0.367983	3.1033125
0.367391	3.070366071
0.3672	3.034705357
0.367047	3.002366071
0.366646	2.969339286
0.366188	2.925794643
0.365959	2.899276786
0.365615	2.863321429
0.365482	2.834071429
0.365081	2.801133929
0.364775	2.767071429
0.364451	2.738616071
0.364202	2.706910714
0.363916	2.687303571
0.363649	2.650589286
0.363229	2.620071429
0.362942	2.590223214
0.362675	2.557357143
0.362274	2.529223214
0.361911	2.498910714
0.361758	2.466026786
0.361415	2.423928571
0.361014	2.397455357
0.360689	2.371705357
0.360555	2.340642857
0.360002	2.309419643
0.359791	2.284776786
0.359543	2.254741071
0.359219	2.226928571
0.358913	2.209866071
0.358741	2.175080357
0.358359	2.148339286
0.357882	2.120357143
0.357596	2.091508929
0.357481	2.067446429
0.357023	2.038375
0.356641	2.013107143
0.35645	1.974098214
0.356106	1.950571429
0.355877	1.928330357
0.355476	1.898357143
0.355209	1.875776786
0.35498	1.846125
0.354674	1.819357143
0.354292	1.7966875
0.353929	1.779598214
0.353605	1.751339286
0.353261	1.725375
0.353185	1.697321429
0.352765	1.675142857
0.352459	1.648357143
0.35223	1.6233125
0.351791	1.597910714
0.351428	1.567455357
0.351256	1.544642857
0.350817	1.524464286
0.350683	1.499401786
0.350244	1.474214286
0.350091	1.447973214
0.349671	1.427375
0.349328	1.402383929
0.349079	1.389455357
0.348755	1.361035714
0.348449	1.337321429
0.348048	1.317535714
0.347991	1.291276786
0.34759	1.265116071
0.347189	1.245142857
0.347132	1.221535714
0.346616	1.192339286
0.346158	1.172508929
0.345986	1.148741071
0.345719	1.1281875
0.345432	1.104991071
0.345051	1.083892857
0.344802	1.061589286
0.344459	1.0379375
0.344229	1.029232143
0.343943	1.002991071
0.343599	0.982294643
0.343198	0.959169643
0.342836	0.937008929
0.342606	0.916491071
0.342339	0.894392857
0.341995	0.875475
0.341556	0.83686875
0.341365	0.823342857
0.34106	0.80379375
0.340773	0.782815179
0.340468	0.763655357
0.340067	0.74326875
0.339914	0.720600893
0.339666	0.705101786
0.339322	0.692176786
0.338826	0.669549107
0.33852	0.64984375
0.338482	0.628225893
0.337966	0.60931875
0.337642	0.58918125
0.337355	0.572386607
0.337126	0.551500893
0.336725	0.520596429
0.336515	0.507359821
0.336172	0.489703571
0.335751	0.469747321
0.335408	0.452567857
0.335331	0.43065625
0.335045	0.414733036
0.33451	0.395542857
0.334377	0.385039286
0.334128	0.365404464
0.33367	0.344010714
0.333269	0.330292857
0.333078	0.307624107
0.332715	0.290571429
0.332372	0.275472321
0.332181	0.254222321
0.331875	0.233616964
0.331627	0.216955357
0.331131	0.197597321
0.331035	0.183638393
0.330672	0.162996429
0.330233	0.149074107
0.329966	0.130776786
0.32966	0.112958036
0.329336	0.105550893
0.329011	0.085728571
0.328877	0.069699464
0.3284	0.049682679
0.328095	0.031466339
0.327885	0.017584375
0.327655	6.16727E-5
0.327178	-0.016727768
0.326815	-0.040701429
0.326624	-0.056528839
0.326319	-0.069560893
0.32588	-0.087819732
0.325765	-0.102045536
0.325364	-0.1184125
0.324982	-0.136852679
0.324772	-0.150335714
0.324562	-0.158758929
0.32418	-0.177616071
0.323875	-0.193421429
0.323512	-0.210313393
0.32313	-0.224725893
0.322824	-0.240694643
0.322653	-0.258459821
0.322252	-0.271320536
0.321946	-0.304709821
0.32166	-0.311376786
0.321392	-0.328366964
0.321068	-0.344574107
0.320667	-0.356315179
0.320438	-0.372292857
0.32017	-0.386144643
0.319846	-0.402870536
0.319559	-0.409389286
0.319292	-0.424430357
0.318929	-0.440338393
0.318452	-0.454860714
0.318318	-0.470541071
0.31786	-0.4869
0.317554	-0.498678571
0.317344	-0.51301875
0.317134	-0.533158036
0.316676	-0.549349107
0.316466	-0.561979464
0.316141	-0.575528571
0.315817	-0.58953125
0.315339	-0.601195536
0.315282	-0.616875
0.314747	-0.63291875
0.314595	-0.635070536
0.314404	-0.6517
0.31406	-0.664249107
0.313755	-0.681705357
0.313354	-0.696960714
0.31301	-0.709265179
0.312704	-0.721709821
0.312208	-0.737328571
0.31217	-0.761667857
0.311826	-0.771198214
0.311578	-0.781330357
0.311177	-0.796960714
0.310929	-0.811172321
0.310642	-0.821927679
0.310146	-0.835558036
0.310031	-0.846424107
0.309592	-0.851309821
0.30921	-0.870224107
0.308962	-0.880555357
0.308714	-0.893830357
0.308484	-0.906
0.308026	-0.919482143
0.307835	-0.934276786
0.307644	-0.941508929
0.307052	-0.966875
0.306842	-0.974982143
0.306632	-0.986723214
0.306174	-1.001133929
0.305945	-1.012642857
0.305735	-1.024401786
0.305429	-1.035785714
0.304895	-1.048116071
0.304837	-1.053883929
0.304417	-1.066294643
0.303997	-1.079196429
0.303692	-1.091446429
0.303615	-1.104875
0.303157	-1.118901786
0.302813	-1.128669643
0.302661	-1.139017857
0.302336	-1.168383929
0.301954	-1.173017857
0.301687	-1.1855625
0.301381	-1.195482143
0.300904	-1.2089375
0.300732	-1.221285714
0.300369	-1.231410714
0.300121	-1.242169643
0.299835	-1.242794643
0.299529	-1.258678571
0.299166	-1.270428571
0.298727	-1.28175
0.298517	-1.293625
0.298345	-1.305321429
0.297925	-1.3150625
0.297467	-1.328767857
0.297295	-1.345919643
0.297009	-1.353803571
0.296665	-1.364553571
0.296379	-1.375776786
0.296149	-1.38775
0.295672	-1.398
0.295328	-1.407142857
0.295233	-1.417883929
0.294946	-1.421339286
0.294488	-1.4379375
0.294316	-1.444857143
0.293954	-1.457125
0.293572	-1.467008929
0.29319	-1.479535714
0.293075	-1.490178571
0.29277	-1.497526786
0.292502	-1.514410714
0.292159	-1.522973214
0.291853	-1.534875
0.291357	-1.547258929
0.291166	-1.554892857
0.290937	-1.565732143
0.290364	-1.577125
0.290192	-1.585982143
0.29002	-1.590848214
0.289734	-1.599508929
0.289161	-1.6105
0.289046	-1.623241071
0.288703	-1.632196429
0.288454	-1.642741071
0.288053	-1.650991071
0.287996	-1.6603125
0.287461	-1.683133929
0.287118	-1.686803571
0.286831	-1.698214286
0.286602	-1.706455357
0.286182	-1.717580357
0.285934	-1.727883929
0.285686	-1.733991071
0.285304	-1.743919643
0.285017	-1.747392857
0.284903	-1.759375
0.284464	-1.770473214
0.284196	-1.777919643
0.283814	-1.791419643
0.283547	-1.798892857
0.283222	-1.808758929
0.282936	-1.8200625
0.282573	-1.841383929
0.28221	-1.848535714
0.281771	-1.855375
0.281695	-1.866901786
0.281237	-1.875830357
0.280912	-1.882839286
0.280664	-1.892205357
0.280435	-1.899955357
0.280053	-1.90325
0.279728	-1.915830357
0.279537	-1.921669643
0.279232	-1.933535714
0.278697	-1.945660714
0.278582	-1.951919643
0.278181	-1.961955357
0.277857	-1.968446429
0.27757	-1.9875625
0.277341	-1.995928571
0.276959	-2.001241071
0.276711	-2.0136875
0.276501	-2.019839286
0.276043	-2.029535714
0.275585	-2.0389375
0.275546	-2.046330357
0.27526	-2.048803571
0.274878	-2.057366071
0.274534	-2.066366071
0.274343	-2.077544643
0.273866	-2.085767857
0.273561	-2.0955
0.27337	-2.101714286
0.273045	-2.110455357
0.272644	-2.124973214
0.2723	-2.131348214
0.272224	-2.141151786
0.27188	-2.146857143
0.271365	-2.157375
0.271212	-2.167651786
0.27083	-2.172544643
0.270486	-2.182491071
0.270314	-2.181910714
0.270009	-2.193901786
0.269646	-2.202696429
0.269207	-2.210946429
0.269054	-2.2205625
0.268653	-2.231080357
0.268348	-2.2361875
0.2681	-2.245839286
0.267832	-2.259830357
0.26745	-2.267892857
0.267107	-2.276955357
0.266897	-2.283982143
0.266457	-2.291875
0.266133	-2.298901786
0.265923	-2.3070625
0.265522	-2.317973214
0.265235	-2.315857143
0.265044	-2.327366071
0.264777	-2.334598214
0.264433	-2.343366071
0.26409	-2.352910714
0.263822	-2.360732143
0.26346	-2.370214286
0.263097	-2.374580357
0.262734	-2.400321429
0.262734	-2.4043125
0.262142	-2.409482143
0.262047	-2.417241071
0.261588	-2.4248125
0.261302	-2.432383929
0.260824	-2.441142857
0.260634	-2.448464286
0.260481	-2.448258929
0.260118	-2.455526786
0.259793	-2.467392857
0.259622	-2.474973214
0.259144	-2.482223214
0.2588	-2.489098214
0.258552	-2.497080357
0.258323	-2.504660714
0.257769	-2.523357143
0.257502	-2.524383929
0.257216	-2.531991071
0.257082	-2.543669643
0.256528	-2.549107143
0.256375	-2.556544643
0.256127	-2.563294643
0.255726	-2.570142857
0.255497	-2.571285714
0.255268	-2.580428571
0.254848	-2.586508929
0.254409	-2.593982143
0.254122	-2.604303571
0.253893	-2.611901786
0.253645	-2.61625
0.253225	-2.626116071
0.252958	-2.635116071
0.252786	-2.643285714
0.252442	-2.650258929
0.25206	-2.658526786
0.251946	-2.666223214
0.251487	-2.670919643
0.251029	-2.681035714
0.250857	-2.688919643
0.250628	-2.685375
0.250284	-2.697330357
0.249807	-2.703107143
0.249788	-2.710669643
0.249368	-2.719035714
0.248986	-2.724482143
0.248757	-2.734964286
0.248451	-2.740651786
0.248088	-2.755285714
0.247745	-2.761803571
0.247535	-2.767375
0.247038	-2.775321429
0.246828	-2.7811875
0.246542	-2.787955357
0.246332	-2.796303571
0.245816	-2.801946429
0.245587	-2.80125
0.245282	-2.814535714
0.245014	-2.820107143
0.244613	-2.827508929
0.244403	-2.832142857
0.244021	-2.841267857
0.243792	-2.850053571
0.243429	-2.856535714
0.242971	-2.879142857
0.24278	-2.878642857
0.242417	-2.886044643
0.242265	-2.894821429
0.24194	-2.899642857
0.241558	-2.9075
0.24131	-2.911803571
0.240928	-2.919214286
0.240546	-2.918419643
0.240221	-2.927321429
0.240107	-2.934910714
0.239725	-2.941142857
0.239286	-2.9500625
0.239229	-2.956008929
0.238923	-2.963794643
0.238446	-2.969732143
0.23814	-2.9835625
0.237987	-2.990142857
0.237472	-2.997169643
0.237243	-3.000848214
0.237052	-3.008330357
0.236651	-3.0128125
0.236212	-3.019803571
0.236154	-3.029107143
0.235753	-3.025375
0.235295	-3.035633929
0.235085	-3.044866071
0.234856	-3.050964286
0.23455	-3.061160714
0.234111	-3.063035714
0.234016	-3.072178571
0.233577	-3.078982143
0.233233	-3.094008929
0.232966	-3.098098214
0.232736	-3.103026786
0.232278	-3.109071429
0.231992	-3.118026786
0.231782	-3.123544643
0.231419	-3.1304375
0.231018	-3.134625
0.230865	-3.132946429
0.230598	-3.144169643
0.230254	-3.148669643
0.229796	-3.158571429
0.229643	-3.162875
0.229357	-3.17125
0.228917	-3.179071429
0.228612	-3.184142857
0.228402	-3.199982143
0.22802	-3.203053571
0.227734	-3.208491071
0.227562	-3.217526786
0.227237	-3.220785714
0.226817	-3.228901786
0.226454	-3.232883929
0.226416	-3.2393125
0.225843	-3.241142857
0.225652	-3.246392857
0.225404	-3.253589286
0.225022	-3.260178571
0.22464	-3.265919643
0.224507	-3.274651786
0.224087	-3.279392857
0.223838	-3.288258929
0.223304	-3.310392857
0.223132	-3.311669643
0.222903	-3.316535714
0.222483	-3.321669643
0.222196	-3.328375
0.221967	-3.335267857
0.221509	-3.341428571
0.221184	-3.347830357
0.221051	-3.342294643
0.22065	-3.354651786
0.220229	-3.362517857
0.220039	-3.36775
0.219638	-3.373107143
0.219351	-3.377142857
0.218969	-3.386491071
0.218721	-3.395464286
0.218549	-3.405553571
0.218034	-3.4115
0.217824	-3.415116071
0.217633	-3.423098214
0.217117	-3.429651786
0.216907	-3.434580357
0.216678	-3.444392857
0.216411	-3.445401786
0.215876	-3.443276786
0.215666	-3.454553571
0.215494	-3.461955357
0.215131	-3.467660714
0.214749	-3.472776786
0.214577	-3.479419643
0.214119	-3.486125
0.213871	-3.493321429
0.213565	-3.502919643
0.213317	-3.507455357
0.212993	-3.514785714
0.212706	-3.520982143
0.212286	-3.5284375
0.212095	-3.5318125
0.211732	-3.5414375
0.211484	-3.546517857
0.21116	-3.543705357
0.210892	-3.55175
0.210529	-3.559785714
0.210186	-3.5664375
0.210033	-3.572571429
0.209537	-3.578473214
0.209231	-3.583982143
0.208983	-3.591196429
0.208601	-3.607339286
0.208238	-3.6093125
0.208085	-3.617357143
0.20778	-3.620526786
0.207322	-3.626857143
0.207131	-3.635
0.206844	-3.640946429
0.206462	-3.646080357
0.206176	-3.641517857
0.206004	-3.651089286
0.205508	-3.659142857
0.20524	-3.665098214
0.205049	-3.671723214
0.204782	-3.676151786
0.204247	-3.682116071
0.204114	-3.692839286
0.203655	-3.711116071
0.203312	-3.713294643
0.203121	-3.717794643
0.202815	-3.722660714
0.202433	-3.730375
0.202147	-3.736026786
0.201803	-3.7443125
0.201593	-3.7463125
0.201154	-3.745142857
0.200887	-3.756428571
0.200829	-3.760357143
0.200371	-3.768660714
0.199951	-3.774383929
0.199684	-3.781267857
0.199416	-3.787651786
0.199225	-3.790321429
0.198767	-3.806464286
0.198481	-3.811089286
0.198156	-3.816723214
0.197832	-3.822401786
0.197526	-3.825446429
0.197278	-3.833669643
0.196915	-3.840705357
0.196457	-3.846366071
0.196323	-3.844017857
0.19617	-3.849214286
0.195788	-3.857982143
0.195387	-3.866098214
0.195197	-3.870026786
0.194834	-3.877625
0.194337	-3.880973214
0.194223	-3.888660714
0.193974	-3.900330357
0.193573	-3.904544643
0.193134	-3.910366071
0.19302	-3.914776786
0.192504	-3.922035714
0.192371	-3.928892857
0.191989	-3.935901786
0.191779	-3.941107143
0.191359	-3.939169643
0.191148	-3.946133929
0.190786	-3.954723214
0.190499	-3.960044643
0.190194	-3.967633929
0.189869	-3.975044643
0.189545	-3.979508929
0.189315	-3.986919643
0.188819	-3.998080357
0.188723	-4.003482143
0.188151	-4.011455357
0.187922	-4.016169643
0.187578	-4.021303571
0.187425	-4.026464286
0.1871	-4.033214286
0.186719	-4.041383929
0.186528	-4.039107143
0.186069	-4.044857143
0.185859	-4.0520625
0.185707	-4.058116071
0.185401	-4.065464286
0.184943	-4.071223214
0.184637	-4.077053571
0.184408	-4.083142857
0.183873	-4.103446429
0.183797	-4.109883929
0.183492	-4.112848214
0.183167	-4.119830357
0.182823	-4.123241071
0.182403	-4.129598214
0.182174	-4.136973214
0.181888	-4.142178571
0.181506	-4.139482143
0.181181	-4.145723214
0.181047	-4.152696429
0.180627	-4.162205357
0.180379	-4.167223214
0.180112	-4.173035714
0.17973	-4.177919643
0.179405	-4.185410714
0.1791	-4.201598214
0.178794	-4.202767857
0.178412	-4.209446429
0.17826	-4.218053571
0.177897	-4.221625
0.177381	-4.228464286
0.177152	-4.233419643
0.177038	-4.239741071
0.17656	-4.239589286
0.176331	-4.246026786
0.175949	-4.251196429
0.175911	-4.256964286
0.175548	-4.265410714
0.175033	-4.273375
0.17488	-4.277357143
0.174574	-4.284830357
0.174193	-4.294160714
0.17383	-4.299901786
0.173601	-4.307544643
0.173238	-4.313580357
0.172818	-4.318669643
0.172493	-4.323785714
0.172359	-4.330071429
0.172016	-4.338303571
0.171596	-4.335232143
0.171519	-4.344294643
0.171195	-4.348910714
0.170679	-4.355
0.170507	-4.364321429
0.170297	-4.370151786
0.16982	-4.376892857
0.169553	-4.381919643
0.169209	-4.397517857
0.168942	-4.4023125
0.168521	-4.407928571
0.168407	-4.415044643
0.168178	-4.418678571
0.167777	-4.426991071
0.167338	-4.431866071
0.167185	-4.437348214
0.166784	-4.438357143
0.166364	-4.447258929
0.166173	-4.4508125
0.165925	-4.457473214
0.165619	-4.4636875
0.165256	-4.470723214
0.165027	-4.482446429
0.164798	-4.484821429
0.164302	-4.505026786
0.163862	-4.507607143
0.163767	-4.512678571
0.163309	-4.521232143
0.163003	-4.524464286
0.162717	-4.533205357
0.162411	-4.535598214
0.162182	-4.542357143
0.161819	-4.544464286
0.161647	-4.550392857
0.161304	-4.557428571
0.16096	-4.562205357
0.160674	-4.569482143
0.160368	-4.578044643
0.159986	-4.583973214
0.159662	-4.591142857
0.159375	-4.601651786
0.159089	-4.606705357
0.158688	-4.614017857
0.158344	-4.620705357
0.158249	-4.627482143
0.157848	-4.630723214
0.157466	-4.636732143
0.157351	-4.646089286
0.156912	-4.642821429
0.156568	-4.652973214
0.156377	-4.660803571
0.156129	-4.664705357
0.155614	-4.672526786
0.155384	-4.678821429
0.155232	-4.685767857
0.154831	-4.692366071
0.154353	-4.708410714
0.154181	-4.711776786
0.154029	-4.7169375
0.153551	-4.722848214
0.153208	-4.730803571
0.152845	-4.738071429
0.152616	-4.74175
0.152329	-4.7459375
0.152157	-4.746598214
0.151718	-4.759196429
0.151432	-4.761214286
0.151088	-4.767473214
0.150764	-4.772758929
0.150496	-4.782321429
0.150019	-4.790633929
0.14979	-4.794919643
0.149522	-4.808098214
0.149293	-4.812232143
0.148892	-4.8189375
0.148663	-4.826428571
0.148167	-4.831901786
0.147899	-4.838482143
0.147556	-4.843919643
0.147269	-4.850571429
0.146926	-4.851410714
0.146792	-4.856892857
0.146429	-4.866366071
0.146181	-4.869660714
0.14599	-4.878303571
0.145684	-4.886517857
0.14515	-4.892410714
0.144997	-4.898214286
0.14452	-4.922098214
0.14429	-4.922866071
0.143985	-4.9283125
0.143699	-4.932776786
0.143336	-4.940321429
0.143049	-4.947455357
0.142782	-4.951026786
0.142343	-4.958910714
0.142114	-4.9565
0.141885	-4.965616071
0.141484	-4.975258929
0.141083	-4.980464286
0.140987	-4.987794643
0.140586	-4.992669643
0.140204	-5.001642857
0.139994	-5.009571429
0.139784	-5.022366071
0.139307	-5.029535714
0.13902	-5.03225
0.138887	-5.040741071
0.138448	-5.049651786
0.138027	-5.056598214
0.137779	-5.063258929
0.137569	-5.067955357
0.137168	-5.065803571
0.13692	-5.076875
0.136576	-5.082723214
0.13629	-5.089660714
0.135946	-5.095982143
0.135622	-5.104160714
0.135469	-5.112428571
0.135163	-5.119160714
0.134762	-5.128330357
0.134419	-5.135
0.134151	-5.140892857
0.133865	-5.151214286
0.133464	-5.157598214
0.133254	-5.163098214
0.13291	-5.170991071
0.132605	-5.175892857
0.132395	-5.174607143
0.132051	-5.184357143
0.131554	-5.190839286
0.131249	-5.199508929
0.13123	-5.2036875
0.130676	-5.211517857
0.130447	-5.217919643
0.130199	-5.224455357
0.129912	-5.241616071
0.129397	-5.243741071
0.129129	-5.251446429
0.128977	-5.256651786
0.128576	-5.262642857
0.128308	-5.273446429
0.127926	-5.277696429
0.12764	-5.285
0.127411	-5.281526786
0.126991	-5.290616071
0.126781	-5.301035714
0.126437	-5.304
0.125998	-5.311883929
0.125883	-5.316785714
0.125731	-5.326196429
0.125139	-5.335133929
0.12491	-5.3545
0.124719	-5.359678571
0.124356	-5.362517857
0.123783	-5.371982143
0.123783	-5.380580357
0.123497	-5.388044643
0.123038	-5.394857143
0.122695	-5.404964286
0.122485	-5.4015625
0.122064	-5.411678571
0.121816	-5.419205357
0.121606	-5.426276786
0.121167	-5.434375
0.120957	-5.440410714
0.120651	-5.447830357
0.120384	-5.455428571
0.119888	-5.4703125
0.119601	-5.476267857
0.119277	-5.48075
0.119047	-5.4905
0.118742	-5.495053571
0.118417	-5.503767857
0.118169	-5.513866071
0.117806	-5.5185625
0.117386	-5.517767857
0.1171	-5.525142857
0.116947	-5.534928571
0.116642	-5.543169643
0.116221	-5.548616071
0.116011	-5.556205357
0.115706	-5.562607143
0.11542	-5.571544643
0.115267	-5.583535714
0.114885	-5.589232143
0.114331	-5.595294643
0.113949	-5.601508929
0.113835	-5.609830357
0.113472	-5.620205357
0.113243	-5.625758929
0.112975	-5.634321429
0.112651	-5.631660714
0.112288	-5.6408125
0.111925	-5.651178571
0.111772	-5.658151786
0.111352	-5.6655
0.111009	-5.674910714
0.110684	-5.68175
0.110398	-5.688973214
0.110111	-5.7031875
0.109844	-5.709410714
0.109577	-5.717553571
0.10908	-5.724446429
0.108851	-5.731919643
0.108603	-5.738776786
0.108374	-5.747330357
0.107934	-5.758178571
0.107514	-5.753678571
0.107457	-5.7641875
0.107037	-5.770651786
0.106808	-5.779553571
0.106445	-5.790098214
0.106273	-5.7955
0.105853	-5.8020625
0.105357	-5.811785714
0.105261	-5.834928571
0.104879	-5.8404375
0.104631	-5.843241071
0.104268	-5.850642857
0.10402	-5.857196429
0.103676	-5.866276786
0.10318	-5.875026786
0.103008	-5.881946429
0.102722	-5.881892857
0.102321	-5.8889375
0.102092	-5.896303571
0.10171	-5.908410714
0.101442	-5.914473214
0.101156	-5.923205357
0.100869	-5.928178571
0.100545	-5.936285714
0.100144	-5.955633929
0.10001	-5.9585625
0.0996856	-5.965892857
0.0992655	-5.975375
0.0989409	-5.981508929
0.0987691	-5.989669643
0.0984636	-5.995205357
0.0980626	-6.005330357
0.0978526	-6.006276786
0.0974516	-6.014955357
0.0972606	-6.0235625
0.0968978	-6.02875
0.0966878	-6.038741071
0.0962868	-6.048955357
0.0960195	-6.05525
0.0956949	-6.064241071
0.0954084	-6.072964286
0.0949311	-6.081517857
0.0946829	-6.090625
0.0945492	-6.0988125
0.09411	-6.1041875
0.0938236	-6.113553571
0.0933844	-6.120830357
0.0930598	-6.131303571
0.0929071	-6.130767857
0.0923724	-6.140767857
0.092296	-6.145553571
0.0920096	-6.156919643
0.0914559	-6.166696429
0.0913604	-6.172955357
0.091074	-6.182
0.0908448	-6.188839286
0.0904248	-6.203089286
0.0900811	-6.213
0.0898901	-6.217571429
0.0894128	-6.227071429
0.0890881	-6.234767857
0.0889354	-6.243339286
0.0885535	-6.253383929
0.0881907	-6.262044643
0.0879043	-6.2609375
0.0876179	-6.272258929
0.0873505	-6.277991071
0.0870068	-6.2871875
0.0867968	-6.295375
0.0863958	-6.302598214
0.0860139	-6.313321429
0.0858421	-6.320991071
0.085422	-6.343696429
0.0851165	-6.348008929
0.0847155	-6.355044643
0.0845437	-6.366125
0.0842763	-6.370660714
0.0838372	-6.380964286
0.083608	-6.387625
0.0833598	-6.397651786
0.0828824	-6.3975
0.0825578	-6.40625
0.0824433	-6.414196429
0.0822523	-6.422508929
0.0817558	-6.431714286
0.0815267	-6.443285714
0.0812212	-6.449080357
0.0808584	-6.458491071
0.0806675	-6.472651786
0.0802856	-6.478910714
0.079961	-6.489901786
0.0795791	-6.497089286
0.0794072	-6.505455357
0.0788726	-6.514410714
0.0786625	-6.521580357
0.0784334	-6.533098214
0.0780897	-6.530589286
0.0778033	-6.541142857
0.0774405	-6.551401786
0.0771923	-6.558857143
0.076944	-6.570714286
0.0765812	-6.576705357
0.0762757	-6.587419643
0.075932	-6.596767857
0.075722	-6.612098214
0.0752064	-6.618973214
0.0749582	-6.6266875
0.0746718	-6.635410714
0.0743472	-6.645026786
0.0740416	-6.651383929
0.0739462	-6.661133929
0.073507	-6.668669643
0.0731633	-6.669669643
0.072896	-6.683026786
0.0725523	-6.689625
0.0721322	-6.699848214
0.0719603	-6.706955357
0.0715785	-6.717455357
0.0714257	-6.726651786
0.0709483	-6.735330357
0.0705664	-6.751116071
0.0703564	-6.757294643
0.0700318	-6.766348214
0.0698409	-6.776982143
0.0694017	-6.784169643
0.0692489	-6.793776786
0.0688097	-6.801151786
0.0684088	-6.810535714
0.0683706	-6.812776786
0.0679505	-6.821098214
0.067454	-6.831392857
0.0672631	-6.839625
0.0671485	-6.849428571
0.066633	-6.8613125
0.0663275	-6.868473214
0.0661365	-6.877455357
0.0656592	-6.901732143
0.0655255	-6.907669643
0.0652582	-6.916107143
0.0647044	-6.924455357
0.0643798	-6.932366071
0.0642462	-6.942901786
0.064017	-6.949696429
0.0634633	-6.959651786
0.063196	-6.959544643
0.0631578	-6.969491071
0.0627186	-6.982125
0.0622985	-6.990258929
0.0621267	-6.999991071
0.0619357	-7.009223214
0.0614393	-7.017651786
0.0611719	-7.0289375
0.0608282	-7.04325
0.0604463	-7.0519375
0.0601217	-7.061964286
0.059969	-7.068714286
0.0597016	-7.080160714
0.0593389	-7.087125
0.0587851	-7.097883929
0.058556	-7.1063125
0.0584605	-7.107169643
0.0580595	-7.1189375
0.057754	-7.127794643
0.0576394	-7.136580357
0.0572385	-7.146517857
0.0568375	-7.156089286
0.0566083	-7.16625
0.0563219	-7.176169643
0.0558255	-7.188839286
0.055539	-7.194758929
0.0554818	-7.205544643
0.0550044	-7.217401786
0.0546034	-7.225803571
0.0545652	-7.237125
0.0539924	-7.245732143
0.053515	-7.254866071
0.0536296	-7.257830357
0.0531713	-7.266482143
0.052904	-7.2766875
0.0523693	-7.288955357
0.0520638	-7.298339286
0.0521402	-7.306901786
0.0517201	-7.316419643
0.0511473	-7.3263125
0.0510518	-7.343491071
0.0507654	-7.351401786
0.0503262	-7.359839286
0.0500589	-7.367696429
0.0498107	-7.380526786
0.0494479	-7.390607143
0.0491042	-7.3980625
0.0489705	-7.410767857
0.0486268	-7.408803571
0.0480349	-7.419857143
0.0480158	-7.433973214
0.0475766	-7.441008929
0.0474048	-7.452330357
0.0470038	-7.460794643
0.0467937	-7.472366071
0.0462973	-7.485276786
0.0459345	-7.5056875
0.0456481	-7.514026786
0.0454953	-7.521973214
0.0449225	-7.532080357
0.0448652	-7.542491071
0.0445979	-7.550625
0.0441396	-7.559589286
0.0436813	-7.571973214
0.0434522	-7.573169643
0.0433567	-7.586008929
0.0429939	-7.5943125
0.0427648	-7.604375
0.0425738	-7.616955357
0.0421156	-7.628232143
0.0417146	-7.637392857
0.0415236	-7.646419643
0.0412754	-7.663535714
0.0407599	-7.674125
0.0404734	-7.682482143
0.0402443	-7.6935
0.0399006	-7.701964286
0.0394805	-7.7131875
0.0393278	-7.723428571
0.0391368	-7.732151786
0.0386595	-7.731982143
0.0382585	-7.744910714
0.0381821	-7.755758929
0.0378193	-7.767419643
0.0373419	-7.775151786
0.0372274	-7.787848214
0.0370364	-7.796348214
0.0364827	-7.808633929
0.0362535	-7.822089286
0.0359099	-7.830508929
0.0356616	-7.840517857
0.0353561	-7.851366071
0.0349551	-7.862348214
0.0347069	-7.875125
0.0344014	-7.8831875
0.0340004	-7.8945625
0.0337331	-7.894133929
0.0335994	-7.908401786
0.0330266	-7.920169643
0.0327592	-7.928357143
0.0327211	-7.940491071
0.0323201	-7.9528125
0.0318809	-7.961517857
0.0318045	-7.973223214
0.0314417	-7.989107143
0.0309644	-7.998491071
0.0307352	-8.009696429
0.0303915	-8.018973214
0.0299142	-8.031285714
0.0297423	-8.04
0.0294368	-8.051767857
0.0291695	-8.0626875
0.0288449	-8.063723214
0.0285775	-8.077178571
0.0282529	-8.086482143
0.027871	-8.098785714
0.0276037	-8.109473214
0.0273173	-8.117678571
0.0270118	-8.130723214
0.0267254	-8.141071429
0.0264199	-8.164785714
0.0260571	-8.174821429
0.0257325	-8.1828125
0.025446	-8.194991071
0.025026	-8.204723214
0.0249114	-8.2154375
0.0244531	-8.227535714
0.024224	-8.236964286
0.0239376	-8.239767857
0.0235939	-8.250571429
0.0232884	-8.264080357
0.0229447	-8.275633929
0.0228301	-8.285464286
0.0223909	-8.297178571
0.022009	-8.3060625
0.0218563	-8.316544643
0.0213598	-8.337955357
0.0210734	-8.345446429
0.0208443	-8.354723214
0.0205578	-8.368339286
0.0201378	-8.377508929
0.0198322	-8.388919643
0.0197177	-8.398473214
0.0192785	-8.407428571
0.0189921	-8.413580357
0.018782	-8.425348214
0.0184574	-8.436214286
0.0180946	-8.446357143
0.01777	-8.459758929
0.0176173	-8.4714375
0.0171208	-8.481982143
0.0167771	-8.493919643
0.0164334	-8.507732143
0.0162998	-8.517205357
0.0158415	-8.529776786
0.015536	-8.539785714
0.0152496	-8.55225
0.0150395	-8.562866071
0.0146194	-8.573348214
0.0143139	-8.586660714
0.0141039	-8.587
0.0138175	-8.602348214
0.0134547	-8.612321429
0.0131682	-8.622883929
0.0128818	-8.637053571
0.0124617	-8.646919643
0.0121944	-8.658392857
0.0120035	-8.6693125
0.0115834	-8.688428571
0.0112397	-8.699580357
0.0109151	-8.709482143
0.0106669	-8.720330357
0.0104186	-8.733321429
0.0101704	-8.743098214
0.00979	-8.756669643
0.00941	-8.766410714
0.00914	-8.768678571
0.00889	-8.785678571
0.00872	-8.795848214
0.00836	-8.806330357
0.00778	-8.819875
0.00755	-8.829642857
0.00742	-8.843294643
0.00704	-8.853857143
0.00677	-8.881276786
0.00624	-8.887366071
0.00607	-8.898473214
0.00566	-8.912080357
0.00551	-8.922642857
0.00509	-8.935803571
0.00469	-8.945357143
0.00446	-8.956785714
0.00417	-8.961517857
0.00383	-8.972053571
0.00356	-8.985625
0.0032	-8.99625
0.00295	-9.010267857
0.00269	-9.022232143
0.00242	-9.031785714
0.00209	-9.045089286
0.00173	-9.064910714
0.00131	-9.075
0.0011	-9.088303571
8.71E-4	-9.096964286
4.32E-4	-9.111160714
1.65E-4	-9.12
-0.00333	-9.268928571
-0.00346	-9.277321429
-0.00386	-9.288303571
-0.00425	-9.3
-0.00444	-9.315267857
-0.0047	-9.323035714
-0.00514	-9.336607143
-0.00543	-9.346785714
-0.00553	-9.352053571
-0.00604	-9.363214286
-0.00637	-9.375625
-0.00656	-9.388928571
-0.00671	-9.402142857
-0.00721	-9.414464286
-0.00763	-9.425535714
-0.00782	-9.439375
-0.00803	-9.455892857
-0.00837	-9.467321429
-0.00887	-9.480267857
-0.00906	-9.49375
-0.00938	-9.505267857
-0.00975	-9.518125
-0.00996	-9.526875
-0.0102226	-9.540714286
-0.0106426	-9.548571429
-0.01091	-9.557232143
-0.0111391	-9.572589286
-0.011521	-9.586696429
-0.011922	-9.595892857
-0.0121893	-9.610535714
-0.0123612	-9.622142857
-0.0128767	-9.636160714
-0.0132013	-9.664464286
-0.0134495	-9.672946429
-0.0137932	-9.68375
-0.0140033	-9.696785714
-0.014347	-9.708660714
-0.0146334	-9.722767857
-0.0150153	-9.730803571
-0.0152826	-9.7475
-0.0157027	-9.747321429
-0.0158173	-9.765446429
-0.016371	-9.778839286
-0.0164856	-9.792857143
-0.0167147	-9.803482143
-0.0170584	-9.815357143
-0.0174403	-9.828839286
-0.0176313	-9.844732143
-0.0179559	-9.862410714
-0.018395	-9.873303571
-0.0187578	-9.886607143
-0.0188533	-9.897589286
-0.0192543	-9.912053571
-0.0195789	-9.925357143
-0.0199035	-9.938125
-0.0200944	-9.950446429
-0.0204381	-9.954464286
-0.02082	-9.968303571
-0.0213165	-9.980982143
-0.0212592	-9.995267857
-0.0215838	-10.00866071
-0.0220803	-10.01875
-0.0222903	-10.03419643
-0.0225576	-10.04508929
-0.0231305	-10.06401786
-0.0233023	-10.07642857
-0.0235315	-10.08946429
-0.0238752	-10.1025
-0.024238	-10.11589286
-0.0243143	-10.12919643
-0.0247344	-10.14464286
-0.0250972	-10.155
-0.0253264	-10.15928571
-0.0256128	-10.17214286
-0.0260138	-10.18642857
-0.0264338	-10.20321429
-0.0266248	-10.21410714
-0.0268921	-10.22946429
-0.0271021	-10.238125
-0.0275413	-10.25178571
-0.0278468	-10.27571429
-0.0282096	-10.28589286
-0.0285915	-10.30116071
-0.0288016	-10.31017857
-0.0290498	-10.32491071
-0.0294317	-10.33973214
-0.0297181	-10.356875
-0.0299281	-10.37044643
-0.0302527	-10.37330357
-0.0306155	-10.38785714
-0.0309211	-10.403125
-0.031112	-10.41196429
-0.0315894	-10.43017857
-0.0318567	-10.43910714
-0.0320667	-10.455
-0.0324104	-10.47241071
-0.032735	-10.49678571
-0.0331169	-10.50732143
-0.0334415	-10.52026786
-0.0336707	-10.53241071
-0.0341098	-10.55089286
-0.0344535	-10.56303571
-0.0346636	-10.57571429
-0.0349882	-10.5875
-0.0352937	-10.59544643
-0.0354465	-10.61053571
-0.0358474	-10.62366071
-0.0361911	-10.63571429
-0.0364967	-10.651875
-0.0367831	-10.66741071
-0.0369931	-10.67839286
-0.0373368	-10.691875
-0.0377187	-10.71419643
-0.037986	-10.73098214
-0.0384252	-10.74142857
-0.0385971	-10.75517857
-0.0390935	-10.76821429
-0.0392654	-10.78321429
-0.0396664	-10.79821429
-0.0398764	-10.81035714
-0.040201	-10.81714286
-0.0405065	-10.83142857
-0.0407738	-10.84544643
-0.041003	-10.86080357
-0.0412703	-10.87401786
-0.041824	-10.89098214
-0.0420914	-10.90285714
-0.042225	-10.91276786
-0.0427215	-10.93375
-0.0429697	-10.950625
-0.0431988	-10.96017857
-0.0434853	-10.97321429
-0.0439435	-10.99071429
-0.0441345	-11.00473214
-0.0444591	-11.01464286
-0.0447646	-11.03223214
-0.0450128	-11.03741071
-0.0453565	-11.05455357
-0.0456811	-11.06794643
-0.0459103	-11.08276786
-0.046254	-11.09955357
-0.0465213	-11.11348214
-0.0468841	-11.12723214
-0.0472278	-11.14169643
-0.0474951	-11.16125
-0.047877	-11.17776786
-0.0482207	-11.19071429
-0.0485071	-11.20633929
-0.0486981	-11.22098214
-0.0491754	-11.23392857
-0.0493282	-11.24758929
-0.0496146	-11.26401786
-0.0498437	-11.26767857
-0.0503402	-11.285
-0.0506648	-11.29732143
-0.0508176	-11.31446429
-0.0512376	-11.32973214
-0.0514859	-11.34392857
-0.0518105	-11.35928571
-0.0520969	-11.37116071
-0.0524979	-11.403125
-0.052918	-11.411875
-0.0530898	-11.42803571
-0.0534717	-11.44044643
-0.0537963	-11.45526786
-0.05414	-11.46875
-0.0543119	-11.48428571
-0.054541	-11.49767857
-0.0550375	-11.50580357
-0.0552666	-11.52044643
-0.0555339	-11.535625
-0.0558967	-11.550625
-0.0562786	-11.56660714
-0.0565841	-11.57946429
-0.0567369	-11.593125
-0.057157	-11.60732143
-0.0574434	-11.63625
-0.057768	-11.64357143
-0.0580353	-11.65473214
-0.0583408	-11.67428571
-0.0586272	-11.690625
-0.0590473	-11.70276786
-0.0592383	-11.71571429
-0.059582	-11.73401786
-0.0599257	-11.741875
-0.0601166	-11.75660714
-0.0606322	-11.77008929
-0.0608231	-11.78116071
-0.0611859	-11.8
-0.0614723	-11.81446429
-0.0618924	-11.82821429
-0.0619306	-11.84464286
-0.0622934	-11.86
-0.0626371	-11.87428571
-0.0628853	-11.89080357
-0.0632099	-11.90633929
-0.0636682	-11.92258929
-0.0639164	-11.933125
-0.0641837	-11.95089286
-0.0645083	-11.96473214
-0.0646993	-11.97669643
-0.0652149	-11.99026786
-0.065444	-12.00035714
-0.0657686	-12.01910714
-0.0659786	-12.03544643
-0.0663987	-12.04919643
-0.0665706	-12.06232143
-0.0668761	-12.0775
-0.0672771	-12.09714286
-0.0675826	-12.11330357
-0.0679072	-12.125625
-0.0682318	-12.14660714
-0.0684609	-12.15892857
-0.0687091	-12.17428571
-0.0691674	-12.18642857
-0.0693966	-12.20125
-0.0695302	-12.20901786
-0.0698739	-12.22392857
-0.0701985	-12.239375
-0.0705613	-12.25535714
-0.070905	-12.26991071
-0.071306	-12.28473214
-0.0715924	-12.29982143
-0.0719361	-12.31464286
-0.0721844	-12.34410714
-0.0725472	-12.35080357
-0.0728909	-12.36883929
-0.0731773	-12.38669643
-0.0733491	-12.40080357
-0.0738456	-12.41446429
-0.0741129	-12.43026786
-0.0742848	-12.44214286
-0.0746666	-12.45258929
-0.0750294	-12.46892857
-0.0752586	-12.48294643
-0.0754495	-12.49410714
-0.0759842	-12.51267857
-0.0762897	-12.52589286
-0.0765188	-12.53901786
-0.076748	-12.55741071
-0.0770344	-12.57607143
-0.0774735	-12.58901786
-0.0777027	-12.60919643
-0.0780655	-12.62151786
-0.0784856	-12.636875
-0.0785619	-12.64946429
-0.0789056	-12.66419643
-0.0793448	-12.68142857
-0.079593	-12.68607143
-0.079784	-12.70223214
-0.080185	-12.71919643
-0.0806623	-12.73160714
-0.0808915	-12.74607143
-0.081006	-12.76017857
-0.0815216	-12.77741071
-0.0816934	-12.79419643
-0.0819799	-12.81455357
-0.0823236	-12.829375
-0.0827627	-12.84160714
-0.0829728	-12.85928571
-0.0833165	-12.87258929
-0.083622	-12.88785714
-0.0839084	-12.9025
-0.0841184	-12.91482143
-0.0844431	-12.92464286
-0.0848631	-12.94151786
-0.0851495	-12.95544643
-0.0853787	-12.970625
-0.0855887	-12.98232143
-0.0860852	-12.99973214
-0.0861807	-13.01598214
-0.0866198	-13.02910714
-0.0868872	-13.04928571
-0.087269	-13.065
-0.0877082	-13.07857143
-0.088071	-13.09348214
-0.0882429	-13.10875
-0.0884147	-13.12366071
-0.0887202	-13.13392857
-0.0890639	-13.15098214
-0.0894076	-13.16232143
-0.0897704	-13.17375
-0.089885	-13.18973214
-0.0904769	-13.20303571
-0.0907252	-13.21857143
-0.0908015	-13.23482143
-0.0912025	-13.24794643
-0.0915844	-13.26482143
-0.091909	-13.294375
-0.0922527	-13.30482143
-0.0926346	-13.32107143
-0.0928637	-13.33214286
-0.0931311	-13.34892857
-0.0935512	-13.36464286
-0.0938567	-13.37776786
-0.0940476	-13.39375
-0.0943531	-13.39625
-0.0946777	-13.41392857
-0.0950023	-13.42964286
-0.0952124	-13.440625
-0.0955561	-13.46160714
-0.0958616	-13.470625
-0.0963008	-13.48794643
-0.0964535	-13.5025
-0.0968927	-13.52455357
-0.0972555	-13.53875
-0.0975037	-13.55017857
-0.0976947	-13.56517857
-0.0981147	-13.57883929
-0.0984966	-13.5925
-0.0986303	-13.610625
-0.0989358	-13.62035714
-0.0994132	-13.63053571
-0.0994705	-13.64589286
-0.099776	-13.66089286
-0.100272	-13.67348214
-0.100521	-13.68883929
-0.100864	-13.70160714
-0.101017	-13.71964286
-0.101399	-13.73401786
-0.101819	-13.75410714
-0.101991	-13.76473214
-0.102316	-13.775
-0.102774	-13.79383929
-0.102965	-13.80892857
-0.10327	-13.82303571
-0.103595	-13.84116071
-0.104034	-13.85276786
-0.10413	-13.86026786
-0.104359	-13.87330357
-0.104836	-13.88892857
-0.105084	-13.90616071
-0.105409	-13.92071429
-0.105924	-13.931875
-0.106077	-13.94839286
-0.106497	-13.96473214
-0.106555	-13.98758929
-0.107127	-13.99964286
-0.107299	-14.01428571
-0.107624	-14.02464286
-0.107987	-14.04053571
-0.108216	-14.05589286
-0.108445	-14.06732143
-0.108827	-14.08339286
-0.10919	-14.08857143
-0.109495	-14.10294643
-0.109648	-14.12089286
-0.109992	-14.13285714
-0.11045	-14.15151786
-0.110622	-14.16285714
-0.110908	-14.17678571
-0.111328	-14.19491071
-0.111595	-14.219375
-0.111958	-14.23071429
-0.112226	-14.245625
-0.112722	-14.25705357
-0.112894	-14.27517857
-0.113142	-14.28785714
-0.113333	-14.30151786
-0.113715	-14.32258929
-0.114135	-14.32383929
-0.114364	-14.34
-0.114765	-14.35392857
-0.115013	-14.37232143
-0.115128	-14.385625
-0.115586	-14.39794643
-0.116083	-14.41375
-0.116235	-14.42651786
-0.116598	-14.44776786
-0.116866	-14.46080357
-0.117228	-14.47589286
-0.117419	-14.49267857
-0.117744	-14.50410714
-0.118202	-14.52053571
-0.118431	-14.53160714
-0.11866	-14.54732143
-0.119042	-14.55116071
-0.119367	-14.56348214
-0.119443	-14.58080357
-0.119863	-14.59776786
-0.120284	-14.61232143
-0.120589	-14.62473214
-0.12078	-14.63928571
-0.121219	-14.653125
-0.121448	-14.67375
-0.121887	-14.68642857
-0.122021	-14.70071429
-0.122441	-14.70964286
-0.122709	-14.72651786
-0.122823	-14.74089286
-0.123377	-14.75330357
-0.123721	-14.76955357
-0.123969	-14.77258929
-0.124064	-14.78857143
-0.124542	-14.80839286
-0.124923	-14.81803571
-0.125114	-14.83410714
-0.125344	-14.85053571
-0.125821	-14.85964286
-0.126069	-14.876875
-0.126279	-14.89517857
-0.126718	-14.9125
-0.127062	-14.92508929
-0.127177	-14.93821429
-0.127578	-14.95223214
-0.12796	-14.96607143
-0.12815	-14.98089286
-0.128418	-15.00098214
-0.128819	-15.00258929
-0.129086	-15.01741071
-0.129487	-15.02857143
-0.129773	-15.045625
-0.129984	-15.06133929
-0.130251	-15.07455357
-0.130671	-15.08785714
-0.1309	-15.09883929
-0.131358	-15.13053571
-0.131721	-15.14482143
-0.13195	-15.15392857
-0.132179	-15.170625
-0.132619	-15.18151786
-0.132981	-15.19669643
-0.133096	-15.21383929
-0.13344	-15.22464286
-0.133745	-15.23232143
-0.134127	-15.24223214
-0.134242	-15.26107143
-0.134738	-15.27544643
-0.134853	-15.29053571
-0.135196	-15.30401786
-0.135655	-15.31303571
-0.136017	-15.32892857
-0.136323	-15.35205357
-0.136628	-15.36321429
-0.136877	-15.37723214
-0.137106	-15.394375
-0.13743	-15.40714286
-0.138003	-15.42071429
-0.138118	-15.43535714
-0.138347	-15.44705357
-0.138691	-15.45758929
-0.139053	-15.47151786
-0.139302	-15.48714286
-0.139531	-15.498125
-0.139913	-15.50991071
-0.140275	-15.52919643
-0.140524	-15.53919643
-0.140696	-15.55455357
-0.14123	-15.56973214
-0.141459	-15.58589286
-0.141688	-15.60241071
-0.142089	-15.615
-0.14251	-15.629375
-0.142777	-15.64071429
-0.143006	-15.65607143
-0.143369	-15.67285714
-0.143751	-15.67464286
-0.143808	-15.68857143
-0.144056	-15.70517857
-0.144476	-15.71919643
-0.144935	-15.73508929
-0.145126	-15.74767857
-0.145546	-15.76348214
-0.145756	-15.773125
-0.146042	-15.79598214
-0.146386	-15.81035714
-0.146672	-15.82142857
-0.146939	-15.83625
-0.147226	-15.854375
-0.147608	-15.86419643
-0.148028	-15.88116071
-0.148219	-15.89285714
-0.148486	-15.89642857
-0.148887	-15.91616071
-0.149231	-15.92660714
-0.149326	-15.94348214
-0.149708	-15.95669643
-0.150128	-15.97196429
-0.150415	-15.98410714
-0.150625	-15.99830357
-0.151064	-16.02535714
-0.151331	-16.03633929
-0.151618	-16.05160714
-0.151904	-16.064375
-0.152267	-16.07794643
-0.152496	-16.08991071
-0.152802	-16.10526786
-0.153203	-16.11723214
-0.15347	-16.12383929
-0.15368	-16.14071429
-0.154024	-16.15339286
-0.154386	-16.16276786
-0.15473	-16.18071429
-0.154864	-16.19339286
-0.155284	-16.20303571
-0.155647	-16.21901786
-0.156028	-16.24196429
-0.156009	-16.25392857
-0.156544	-16.26866071
-0.156888	-16.28008929
-0.157117	-16.29276786
-0.157556	-16.30901786
-0.157881	-16.32196429
-0.158167	-16.33633929
-0.158243	-16.34133929
-0.158721	-16.35178571
-0.159065	-16.370625
-0.159255	-16.38276786
-0.159637	-16.39633929
-0.159886	-16.41133929
-0.160344	-16.42008929
-0.160516	-16.43678571
-0.160917	-16.45839286
-0.161241	-16.47214286
-0.161528	-16.48517857
-0.161757	-16.49857143
-0.162234	-16.51642857
-0.162444	-16.52375
-0.162635	-16.53857143
-0.162998	-16.55214286
-0.163246	-16.55991071
-0.163571	-16.57508929
-0.163876	-16.58678571
-0.164163	-16.60142857
-0.164602	-16.61303571
-0.165022	-16.62544643
-0.165117	-16.641875
-0.165366	-16.65276786
-0.165843	-16.67517857
-0.166282	-16.68383929
-0.16632	-16.69803571
-0.166779	-16.715625
-0.167008	-16.72526786
-0.167218	-16.73955357
-0.167619	-16.75125
-0.167905	-16.76330357
-0.168077	-16.77169643
-0.168459	-16.78267857
-0.16886	-16.7925
-0.169223	-16.80758929
-0.169509	-16.82026786
-0.169738	-16.83526786
-0.170197	-16.846875
-0.170445	-16.86
-0.170693	-16.88794643
-0.170999	-16.90053571
-0.171361	-16.91035714
-0.171686	-16.92276786
-0.172068	-16.93767857
-0.172335	-16.9525
-0.172641	-16.96508929
-0.172813	-16.97794643
-0.173137	-16.97910714
-0.173443	-16.99526786
-0.173729	-17.006875
-0.174054	-17.02017857
-0.174417	-17.03294643
-0.174818	-17.04419643
-0.175085	-17.05571429
-0.175295	-17.07258929
-0.175658	-17.09017857
-0.175963	-17.10205357
-0.176173	-17.11616071
-0.176651	-17.12491071
-0.176937	-17.13982143
-0.177109	-17.15267857
-0.177567	-17.16580357
-0.177796	-17.17544643
-0.178197	-17.18071429
-0.178407	-17.19482143
-0.178732	-17.20785714
-0.179152	-17.22196429
-0.179496	-17.23241071
-0.179572	-17.24366071
-0.180049	-17.26044643
-0.180355	-17.27160714
-0.180431	-17.28669643
-0.180966	-17.30169643
-0.181157	-17.31178571
-0.181596	-17.32598214
-0.181768	-17.33339286
-0.182283	-17.34910714
-0.182455	-17.35821429
-0.182837	-17.37205357
-0.182971	-17.37669643
-0.183296	-17.38821429
-0.183716	-17.40089286
-0.183926	-17.415
-0.184174	-17.42446429
-0.184651	-17.43473214
-0.185014	-17.44892857
-0.185148	-17.46107143
-0.185606	-17.48303571
-0.185854	-17.48919643
-0.186064	-17.5025
-0.186293	-17.51607143
-0.186752	-17.52419643
-0.186904	-17.53616071
-0.187324	-17.544375
-0.187515	-17.55901786
-0.18784	-17.56160714
-0.188279	-17.57857143
-0.188413	-17.58580357
-0.188814	-17.60133929
-0.189234	-17.60964286
-0.189463	-17.62071429
-0.189692	-17.63232143
-0.190093	-17.64625
-0.190513	-17.66901786
-0.190609	-17.68008929
-0.191105	-17.68714286
-0.191468	-17.70526786
-0.191659	-17.71428571
-0.191945	-17.72044643
-0.192384	-17.73535714
-0.192537	-17.75044643
-0.192862	-17.74785714
-0.193167	-17.76071429
-0.19353	-17.77133929
-0.193778	-17.78294643
-0.194046	-17.79669643
-0.194389	-17.80464286
-0.194829	-17.81857143
-0.19502	-17.826875
-0.195344	-17.84473214
-0.195841	-17.85651786
-0.195955	-17.86660714
-0.196222	-17.878125
-0.196681	-17.88517857
-0.196891	-17.90196429
-0.197254	-17.9125
-0.197464	-17.91883929
-0.197807	-17.925
-0.198075	-17.93616071
-0.198323	-17.94580357
-0.1988	-17.959375
-0.198991	-17.96410714
-0.199201	-17.97669643
-0.19964	-17.98696429
-0.20008	-17.99571429
-0.200232	-18.01410714
-0.2005	-18.02017857
-0.20092	-18.03258929
-0.201206	-18.03848214
-0.201531	-18.05205357
-0.201798	-18.06535714
-0.202104	-18.07285714
-0.202486	-18.08276786
-0.202734	-18.08285714
-0.202925	-18.095625
-0.203402	-18.10883929
-0.203727	-18.11776786
-0.203918	-18.12919643
-0.204376	-18.13901786
-0.204624	-18.14991071
-0.204796	-18.160625
-0.205159	-18.17714286
-0.205541	-18.1825
-0.205884	-18.19607143
-0.206056	-18.20714286
-0.206457	-18.21642857
-0.206725	-18.22455357
-0.207049	-18.23723214
-0.207374	-18.24383929
-0.207641	-18.24276786
-0.207966	-18.25848214
-0.208271	-18.26428571
-0.208424	-18.27607143
-0.208939	-18.28651786
-0.209169	-18.29383929
-0.209512	-18.30348214
-0.209837	-18.31392857
-0.2102	-18.33660714
-0.210467	-18.34741071
-0.210734	-18.351875
-0.211154	-18.36339286
-0.211364	-18.37125
-0.211727	-18.38017857
-0.212014	-18.39089286
-0.212224	-18.39919643
-0.212491	-18.40080357
-0.212892	-18.40794643
-0.213217	-18.41785714
-0.213503	-18.43223214
-0.213713	-18.43901786
-0.214019	-18.44580357
-0.214362	-18.45375
-0.214611	-18.46794643
-0.215012	-18.48330357
-0.215413	-18.49044643
-0.215775	-18.496875
-0.215985	-18.50767857
-0.216195	-18.518125
-0.216768	-18.52848214
-0.216921	-18.53080357
-0.21715	-18.54169643
-0.217589	-18.54339286
-0.217933	-18.55392857
-0.218067	-18.56625
-0.218372	-18.57276786
-0.218792	-18.58357143
-0.219002	-18.58991071
-0.219365	-18.59598214
-0.219785	-18.60633929
-0.220052	-18.61785714
-0.220301	-18.62651786
-0.220549	-18.63741071
-0.220912	-18.64383929
-0.221255	-18.65348214
-0.221599	-18.65866071
-0.221771	-18.66580357
-0.222134	-18.67803571
-0.222363	-18.67758929
-0.222707	-18.68669643
-0.223031	-18.69571429
-0.223432	-18.705
-0.223585	-18.713125
-0.224081	-18.72035714
-0.22433	-18.72982143
-0.224559	-18.73464286
-0.224922	-18.75294643
-0.225284	-18.75607143
-0.225533	-18.76723214
-0.225666	-18.77535714
-0.226067	-18.78232143
-0.226506	-18.79133929
-0.226793	-18.79928571
-0.227041	-18.80357143
-0.227404	-18.8
-0.227729	-18.81428571
-0.227977	-18.82232143
-0.22832	-18.82928571
-0.228588	-18.83875
-0.228893	-18.84464286
-0.229122	-18.85446429
-0.229542	-18.86017857
-0.229905	-18.88455357
-0.23023	-18.88839286
-0.23044	-18.89571429
-0.230841	-18.90348214
-0.231108	-18.91151786
-0.231299	-18.91964286
-0.231662	-18.92696429
-0.232158	-18.93383929
-0.232292	-18.92982143
-0.232502	-18.94151786
-0.232884	-18.94928571
-0.233285	-18.95321429
-0.233266	-18.96383929
-0.233801	-18.969375
-0.234125	-18.97571429
-0.234431	-18.98642857
-0.234679	-19.00026786
-0.235194	-19.00580357
-0.235385	-19.01705357
-0.235825	-19.01848214
-0.236111	-19.02946429
-0.236359	-19.03660714
-0.236646	-19.04383929
-0.236913	-19.05223214
-0.237104	-19.04714286
-0.237581	-19.058125
-0.237619	-19.06821429
-0.238211	-19.07357143
-0.238479	-19.07892857
-0.238784	-19.08419643
-0.239052	-19.09178571
-0.239376	-19.09991071
-0.239758	-19.11633929
-0.240006	-19.12053571
-0.240274	-19.12803571
-0.240713	-19.13392857
-0.240789	-19.14151786
-0.241095	-19.14758929
-0.241534	-19.15428571
-0.241935	-19.15785714
-0.242107	-19.15714286
-0.242469	-19.16892857
-0.242813	-19.17392857
-0.2431	-19.18116071
-0.243405	-19.18303571
-0.243749	-19.19482143
-0.243978	-19.2025
-0.244379	-19.20491071
-0.244646	-19.22223214
-0.244914	-19.22767857
-0.245295	-19.23026786
-0.245506	-19.238125
-0.24583	-19.24339286
-0.246307	-19.25607143
-0.246518	-19.25892857
-0.246728	-19.26303571
-0.247205	-19.26464286
-0.247396	-19.26830357
-0.247549	-19.27535714
-0.247892	-19.28276786
-0.248236	-19.28946429
-0.248637	-19.29732143
-0.248866	-19.30089286
-0.249172	-19.30991071
-0.249458	-19.33107143
-0.249821	-19.33464286
-0.250184	-19.336875
-0.250508	-19.34723214
-0.250795	-19.35339286
-0.251157	-19.35964286
-0.251425	-19.36544643
-0.251597	-19.37473214
-0.252093	-19.36803571
-0.252227	-19.37651786
-0.252742	-19.38258929
-0.253029	-19.38857143
-0.253124	-19.39303571
-0.253468	-19.40366071
-0.253773	-19.40714286
-0.254155	-19.41473214
-0.254537	-19.42678571
-0.254919	-19.42991071
-0.254957	-19.43571429
-0.25532	-19.44160714
-0.255759	-19.45125
-0.256027	-19.45375
-0.25637	-19.46241071
-0.256561	-19.46401786
-0.256809	-19.460625
-0.257191	-19.47107143
-0.257497	-19.47669643
-0.257898	-19.48232143
-0.258184	-19.48910714
-0.258375	-19.496875
-0.2587	-19.50098214
-0.259215	-19.50785714
-0.25954	-19.52107143
-0.259807	-19.52410714
-0.259884	-19.52821429
-0.260495	-19.535625
-0.260628	-19.53857143
-0.260877	-19.54169643
-0.261068	-19.553125
-0.261602	-19.55776786
-0.261774	-19.55482143
-0.262022	-19.55955357
-0.262385	-19.56571429
-0.262767	-19.57419643
-0.262996	-19.58017857
-0.263378	-19.58294643
-0.263684	-19.58866071
-0.263836	-19.59410714
-0.264161	-19.60946429
-0.264619	-19.61232143
-0.264963	-19.61821429
-0.265135	-19.62482143
-0.265593	-19.62553571
-0.265956	-19.63616071
-0.266128	-19.63758929
-0.266548	-19.64732143
-0.266643	-19.63866071
-0.267235	-19.64991071
-0.267369	-19.65419643
-0.267522	-19.66071429
-0.268056	-19.66348214
-0.268285	-19.66892857
-0.268534	-19.67830357
-0.268896	-19.68428571
-0.269259	-19.70410714
-0.26945	-19.70589286
-0.269756	-19.709375
-0.270252	-19.71607143
-0.2705	-19.72026786
-0.270748	-19.72419643
-0.271245	-19.73178571
-0.271493	-19.73991071
-0.271589	-19.735625
-0.271971	-19.74464286
-0.272333	-19.74723214
-0.272601	-19.75473214
-0.272792	-19.76089286
-0.273326	-19.76392857
-0.273632	-19.76910714
-0.27388	-19.77508929
-0.274186	-19.78607143
-0.274548	-19.79294643
-0.27493	-19.79491071
-0.275045	-19.80401786
-0.275465	-19.80553571
-0.275866	-19.81133929
-0.275923	-19.82205357
-0.276305	-19.82366071
-0.27663	-19.81866071
-0.276916	-19.82776786
-0.27726	-19.83142857
-0.27747	-19.838125
-0.27789	-19.84401786
-0.278062	-19.84857143
-0.278444	-19.85589286
-0.278883	-19.86
-0.278959	-19.87107143
-0.27936	-19.87357143
-0.279799	-19.87794643
-0.280067	-19.88589286
-0.280372	-19.88928571
-0.280601	-19.89723214
-0.28085	-19.89955357
-0.281117	-19.90651786
-0.281537	-19.89982143
-0.281785	-19.90964286
-0.282282	-19.91580357
-0.282358	-19.91821429
-0.282835	-19.92669643
-0.283141	-19.93330357
-0.283275	-19.93883929
-0.283446	-19.94491071
-0.284076	-19.95491071
-0.284363	-19.95901786
-0.284535	-19.96651786
-0.284878	-19.97125
-0.285299	-19.97821429
-0.285642	-19.98169643
-0.285738	-19.98794643
-0.286139	-19.99875
-0.286501	-19.99
-0.286941	-19.99839286
-0.287074	-20.00169643
-0.287552	-20.00901786
-0.287609	-20.01410714
-0.287914	-20.02053571
-0.288335	-20.02732143
-0.288716	-20.03133929
-0.288965	-20.051875
-0.289213	-20.05642857
-0.289576	-20.05848214
-0.289843	-20.06633929
-0.290129	-20.07089286
-0.29053	-20.07508929
-0.290989	-20.08214286
-0.29118	-20.08446429
-0.291237	-20.08446429
-0.291772	-20.08991071
-0.291924	-20.09419643
-0.292173	-20.10419643
-0.292535	-20.10758929
-0.292955	-20.11223214
-0.293166	-20.11991071
-0.29349	-20.12223214
-0.294044	-20.13964286
-0.29433	-20.140625
-0.294559	-20.14482143
-0.294865	-20.15366071
-0.295132	-20.15866071
-0.295361	-20.16392857
-0.295667	-20.16830357
-0.296144	-20.17794643
-0.296354	-20.17428571
-0.29666	-20.18303571
-0.296965	-20.18651786
-0.29729	-20.190625
-0.297576	-20.19991071
-0.297748	-20.205
-0.298206	-20.21089286
-0.298607	-20.21625
-0.29876	-20.22598214
-0.299104	-20.23017857
-0.299428	-20.23651786
-0.299829	-20.24401786
-0.299982	-20.24910714
-0.300269	-20.25375
-0.300479	-20.41723214
-0.300441	-20.15982143
-0.300078	-20.01026786
-0.299734	-19.87714286
-0.299295	-19.74571429
-0.299199	-19.61982143
-0.298837	-19.49142857
-0.29834	-19.36214286
-0.298245	-19.24017857
-0.297939	-19.11651786
-0.297595	-18.99598214
-0.297175	-18.88008929
-0.296889	-18.76375
-0.296698	-18.64589286
-0.296412	-18.52982143
-0.295972	-18.42758929
-0.295762	-18.311875
-0.295419	-18.19946429
-0.295056	-18.08875
-0.294674	-17.97741071
-0.294636	-17.86803571
-0.294273	-17.76116071
-0.293891	-17.65205357
-0.293414	-17.53589286
-0.293337	-17.43401786
-0.292822	-17.32875
-0.292516	-17.22223214
-0.292325	-17.12107143
-0.292077	-17.01866071
-0.291733	-16.91723214
-0.291409	-16.81125
-0.291122	-16.71892857
-0.290855	-16.61571429
-0.290492	-16.51714286
-0.29032	-16.41428571
-0.289881	-16.31607143
-0.289557	-16.21598214
-0.289232	-16.11723214
-0.28906	-16.01866071
-0.288736	-15.90901786
-0.288392	-15.81428571
-0.287914	-15.72285714
-0.287704	-15.62401786
-0.287323	-15.53053571
-0.287017	-15.43803571
-0.286845	-15.34107143
-0.286501	-15.25044643
-0.286158	-15.16714286
-0.28591	-15.07241071
-0.285623	-14.98089286
-0.285165	-14.88883929
-0.284878	-14.79910714
-0.28463	-14.70589286
-0.284267	-14.615625
-0.283905	-14.52848214
-0.283637	-14.43053571
-0.283351	-14.34357143
-0.283064	-14.25267857
-0.282644	-14.16660714
-0.282434	-14.07892857
-0.28211	-13.99178571
-0.281804	-13.90321429
-0.28148	-13.82035714
-0.28127	-13.74491071
-0.280945	-13.65285714
-0.280659	-13.56910714
-0.280372	-13.48428571
-0.280105	-13.39767857
-0.279742	-13.31223214
-0.279456	-13.23178571
-0.279093	-13.14526786
-0.278768	-13.06142857
-0.278405	-12.97383929
-0.278291	-12.891875
-0.277985	-12.81392857
-0.277527	-12.730625
-0.277336	-12.646875
-0.27705	-12.56892857
-0.276477	-12.48892857
-0.276305	-12.41696429
-0.276095	-12.33553571
-0.275942	-12.25348214
-0.27535	-12.175625
-0.275178	-12.09258929
-0.274873	-12.016875
-0.274415	-11.94008929
-0.274186	-11.86241071
-0.273861	-11.77723214
-0.273364	-11.69776786
-0.273174	-11.62160714
-0.273002	-11.54633929
-0.27262	-11.46866071
-0.272333	-11.39258929
-0.272009	-11.31785714
-0.271722	-11.23892857
-0.271474	-11.17419643
-0.271016	-11.09196429
-0.270863	-11.01955357
-0.270538	-10.94553571
-0.270176	-10.87044643
-0.269851	-10.79669643
-0.269565	-10.72625
-0.269393	-10.64660714
-0.268782	-10.56330357
-0.268591	-10.49107143
-0.268304	-10.42
-0.267903	-10.34714286
-0.267674	-10.27392857
-0.267464	-10.20232143
-0.267025	-10.13071429
-0.266605	-10.05955357
-0.26649	-9.996339286
-0.26628	-9.926339286
-0.265841	-9.85
-0.265498	-9.781785714
-0.265249	-9.711339286
-0.264886	-9.640535714
-0.264447	-9.573660714
-0.264333	-9.499017857
-0.264008	-9.423660714
-0.263588	-9.356339286
-0.263473	-9.286071429
-0.263168	-9.218125
-0.262824	-9.148482143
-0.262366	-9.0825
-0.262194	-9.017142857
-0.261946	-8.945892857
-0.261583	-8.889053571
-0.26122	-8.819285714
-0.261029	-8.752446429
-0.260724	-8.687508929
-0.260304	-8.618214286
-0.260056	-8.553669643
-0.259655	-8.486294643
-0.259273	-8.42075
-0.259044	-8.350276786
-0.258853	-8.2846875
-0.258375	-8.223428571
-0.258184	-8.15925
-0.257898	-8.093589286
-0.257611	-8.028285714
-0.25721	-7.9648125
-0.257039	-7.899196429
-0.256657	-7.842303571
-0.256256	-7.780089286
-0.256065	-7.714294643
-0.255759	-7.650017857
-0.255301	-7.584321429
-0.25511	-7.523446429
-0.254843	-7.460285714
-0.254728	-7.402035714
-0.254098	-7.327794643
-0.253793	-7.267214286
-0.253506	-7.205678571
-0.253162	-7.145035714
-0.252876	-7.085839286
-0.252647	-7.021258929
-0.252322	-6.958714286
-0.251979	-6.900428571
-0.251635	-6.844642857
-0.251482	-6.785321429
-0.251177	-6.725383929
-0.25089	-6.663214286
-0.250508	-6.605919643
-0.250126	-6.543080357
-0.249783	-6.486428571
-0.249534	-6.425294643
-0.249305	-6.351598214
-0.24879	-6.296616071
-0.248694	-6.2359375
-0.248236	-6.174794643
-0.248026	-6.117455357
-0.247587	-6.060419643
-0.247377	-6.000607143
-0.247014	-5.9438125
-0.246651	-5.895098214
-0.246518	-5.837616071
-0.246288	-5.776482143
-0.24583	-5.718883929
-0.245486	-5.663401786
-0.245315	-5.605133929
-0.244971	-5.548964286
-0.244551	-5.490910714
-0.244341	-5.4275625
-0.244035	-5.3729375
-0.243501	-5.315017857
-0.243443	-5.261383929
-0.2431	-5.204928571
-0.242718	-5.148785714
-0.242412	-5.0930625
-0.242221	-5.038428571
-0.241916	-4.989392857
-0.241438	-4.933580357
-0.241247	-4.878017857
-0.240923	-4.824892857
-0.240522	-4.769357143
-0.240312	-4.713928571
-0.240064	-4.659991071
-0.239739	-4.608803571
-0.239376	-4.546071429
-0.239128	-4.491517857
-0.238861	-4.439883929
-0.238402	-4.385223214
-0.23804	-4.334258929
-0.237791	-4.278473214
-0.23739	-4.225133929
-0.234087	-3.654446429
-0.233915	-3.601964286
-0.233438	-3.550169643
-0.233151	-3.500026786
-0.233037	-3.448053571
-0.232636	-3.398767857
-0.232235	-3.348285714
-0.231967	-3.30325
-0.231815	-3.2535
-0.231356	-3.203517857
-0.23107	-3.154044643
-0.230841	-3.103642857
-0.230459	-3.0521875
-0.23023	-3.003089286
-0.229943	-2.953473214
-0.229447	-2.892196429
-0.229103	-2.844383929
-0.228931	-2.795705357
-0.228645	-2.747669643
-0.22832	-2.698080357
-0.228034	-2.651178571
-0.227442	-2.603714286
-0.227404	-2.552383929
-0.227041	-2.512919643
-0.226736	-2.462758929
-0.226545	-2.416571429
-0.226163	-2.366928571
-0.225724	-2.319133929
-0.22559	-2.270651786
-0.225303	-2.223160714
-0.224788	-2.175267857
-0.224597	-2.121723214
-0.224425	-2.075839286
-0.224005	-2.030571429
-0.223528	-1.982857143
-0.223375	-1.933866071
-0.222974	-1.888794643
-0.222611	-1.842169643
-0.222306	-1.796875
-0.222057	-1.756866071
-0.22179	-1.709303571
-0.221446	-1.663669643
-0.221236	-1.617946429
-0.220874	-1.573375
-0.220587	-1.526383929
-0.220301	-1.481008929
-0.220091	-1.436383929
-0.219652	-1.387017857
-0.219308	-1.343982143
-0.219117	-1.297651786
-0.218811	-1.250482143
-0.21841	-1.207348214
-0.218124	-1.1629375
-0.217857	-1.1189375
-0.217456	-1.073705357
-0.217246	-1.0348125
-0.216902	-0.989517857
-0.216615	-0.946383929
-0.216195	-0.902464286
-0.215966	-0.856777679
-0.215661	-0.814464286
-0.215413	-0.770110714
-0.214992	-0.726139286
-0.214744	-0.674766071
-0.214401	-0.633996429
-0.214114	-0.5903125
-0.213885	-0.547623214
-0.213522	-0.504323214
-0.213026	-0.459885714
-0.212854	-0.419734821
-0.212548	-0.374348214
-0.212396	-0.342450893
-0.211918	-0.296648214
-0.211765	-0.254728571
-0.211326	-0.21321875
-0.210983	-0.170126786
-0.210773	-0.128245536
-0.210524	-0.087941071
-0.210238	-0.042972768
-0.209761	0.009262232
-0.209512	0.047661607
-0.209264	0.088430357
-0.208749	0.129749107
-0.208615	0.174216964
-0.208348	0.211860714
-0.207889	0.253152679
-0.207603	0.295208929
-0.207355	0.327925893
-0.207106	0.371332143
-0.206705	0.410079464
-0.206419	0.451625893
-0.206266	0.491522321
-0.205808	0.532283036
-0.205541	0.572977679
-0.205292	0.612876786
-0.204815	0.660799107
-0.204605	0.698504464
-0.204357	0.738116071
-0.20386	0.778984821
-0.203631	0.818702679
-0.203287	0.857963393
-0.203192	0.89875
-0.202791	0.935741071
-0.20239	0.968508929
-0.202295	1.009553571
-0.201855	1.047232143
-0.201416	1.0870625
-0.20134	1.124142857
-0.200958	1.165741071
-0.200633	1.201714286
-0.200194	1.242178571
-0.199927	1.285241071
-0.19964	1.322625
-0.199316	1.3594375
-0.19901	1.397517857
-0.198915	1.435241071
-0.19838	1.476
-0.198036	1.511848214
-0.197979	1.549839286
-0.197559	1.580767857
-0.197082	1.619330357
-0.196986	1.658830357
-0.196757	1.694946429
-0.196242	1.733616071
-0.195917	1.768535714
-0.195726	1.807401786
-0.195382	1.846071429
-0.194962	1.889446429
-0.194924	1.925348214
-0.194561	1.960767857
-0.194103	1.9985625
-0.193797	2.037303571
-0.193492	2.073785714
-0.193206	2.108366071
-0.192785	2.145214286
-0.192423	2.173321429
-0.192308	2.213553571
-0.191926	2.248678571
-0.191563	2.285955357
-0.191525	2.320732143
-0.191143	2.356392857
-0.190895	2.393678571
-0.190437	2.429339286
-0.190208	2.477321429
-0.189749	2.5115625
-0.189444	2.546446429
-0.189253	2.580848214
-0.188909	2.61725
-0.188489	2.653151786
-0.188241	2.688964286
-0.188012	2.722008929
-0.187515	2.750508929
-0.187382	2.784410714
-0.187076	2.819125
-0.186675	2.855616071
-0.186484	2.889303571
-0.186255	2.923616071
-0.185854	2.958696429
-0.18532	2.994866071
-0.185262	3.036580357
-0.184861	3.068803571
-0.184479	3.103169643
-0.184231	3.136276786
-0.183983	3.170267857
-0.183582	3.2055
-0.183219	3.238526786
-0.182971	3.2724375
-0.18278	3.297928571
-0.182455	3.333616071
-0.182131	3.3681875
-0.181902	3.400535714
-0.181558	3.434357143
-0.181138	3.469017857
-0.18089	3.500821429
-0.180794	3.536526786
-0.180298	3.572285714
-0.180011	3.605330357
-0.179553	3.6385
-0.179362	3.670982143
-0.179018	3.703892857
-0.178808	3.735589286
-0.17856	3.769428571
-0.178006	3.8029375
-0.177701	3.8258125
-0.177624	3.860839286
-0.177128	3.8914375
-0.176803	3.926008929
-0.17667	3.957446429
-0.176345	3.989169643
-0.175849	4.022151786
-0.175619	4.054767857
-0.175333	4.0939375
-0.17497	4.123767857
-0.174722	4.154821429
-0.174436	4.187428571
-0.174054	4.217678571
-0.173825	4.247991071
-0.173519	4.2831875
-0.173233	4.313205357
-0.172793	4.337482143
-0.172488	4.367866071
-0.172373	4.400285714
-0.171992	4.432955357
-0.171686	4.464241071
-0.171361	4.495669643
-0.17119	4.524741071
-0.170598	4.558285714
-0.170407	4.603553571
-0.170082	4.630678571
-0.169834	4.661392857
-0.169318	4.692964286
-0.169204	4.721580357
-0.168841	4.752151786
-0.168497	4.782339286
-0.168134	4.811482143
-0.167924	4.836089286
-0.167638	4.869348214
-0.167237	4.899321429
-0.167142	4.92675
-0.166741	4.959098214
-0.166359	4.988053571
-0.166187	5.018080357
-0.165786	5.049758929
-0.165518	5.084892857
-0.16506	5.114071429
-0.164831	5.145285714
-0.164526	5.171741071
-0.164258	5.203553571
-0.163819	5.231241071
-0.163609	5.262571429
-0.163246	5.292214286
-0.163036	5.3125625
-0.16275	5.343026786
-0.16254	5.370080357
-0.162101	5.401535714
-0.161852	5.432544643
-0.161623	5.458071429
-0.161203	5.488973214
-0.160707	5.517026786
-0.160668	5.556446429
-0.160153	5.584642857
-0.159809	5.611294643
-0.159561	5.640294643
-0.15937	5.668839286
-0.158893	5.697616071
-0.158721	5.7280625
-0.158511	5.754785714
-0.158072	5.776
-0.157766	5.806142857
-0.157537	5.8338125